1761435138334 0.4174496531486511 0
1761435138911 0.45548099279403687 1
1761435139505 0.4608501195907593 2
1761435140087 0.46532437205314636 3
1761435140646 0.4729306399822235 4
1761435141207 0.4787471890449524 5
1761435141773 0.48098433017730713 6
1761435142330 0.46711409091949463 7
1761435142886 0.4787471890449524 8
1761435143450 0.494854599237442 9
1761435144012 0.49172258377075195 10
1761435144578 0.48366889357566833 11
1761435145148 0.5029082894325256 12
1761435145711 0.4939597249031067 13
1761435146278 0.5046979784965515 14
1761435146844 0.49574944376945496 15
1761435147410 0.4966442883014679 16
1761435147975 0.5087248086929321 17
1761435148534 0.5105145573616028 18
1761435149098 0.5140939354896545 19
1761435149658 0.5163310766220093 20
1761435150218 0.5163310766220093 21
1761435150782 0.5257270932197571 22
1761435151343 0.5096197128295898 23
1761435151909 0.52662193775177 24
1761435152473 0.5140939354896545 25
1761435153040 0.5302013158798218 26
1761435153605 0.5297539234161377 27
1761435154168 0.5400447249412537 28
1761435154731 0.5431767106056213 29
1761435155295 0.5351230502128601 30
1761435155854 0.5342282056808472 31
1761435156426 0.546308696269989 32
1761435156987 0.555257260799408 33
1761435157547 0.5480984449386597 34
1761435158113 0.5539149641990662 35
1761435158677 0.5606263875961304 36
1761435159268 0.5583892464637756 37
1761435159914 0.5588366985321045 38
1761435160485 0.5557047128677368 39
1761435161063 0.5664429664611816 40
1761435161632 0.5615212321281433 41
1761435162214 0.5570470094680786 42
1761435162787 0.5606263875961304 43
1761435163371 0.5736017823219299 44
1761435163940 0.5677852630615234 45
1761435164517 0.5695749521255493 46
1761435165142 0.564653217792511 47
1761435165714 0.5825503468513489 48
1761435166283 0.5668903589248657 49
1761435138334 0.4174496531486511 0
