1761435138334 1.0677688121795654 0
1761435138911 1.0436204671859741 1
1761435139505 1.0340005159378052 2
1761435140087 1.0314973592758179 3
1761435140646 1.0259827375411987 4
1761435141207 1.0241847038269043 5
1761435141773 1.0195329189300537 6
1761435142330 1.0144362449645996 7
1761435142886 1.019831895828247 8
1761435143450 1.0100685358047485 9
1761435144012 1.004616618156433 10
1761435144578 1.0056012868881226 11
1761435145148 1.0032047033309937 12
1761435145711 1.0018389225006104 13
1761435146278 0.9927456974983215 14
1761435146844 0.9971508383750916 15
1761435147410 0.9925364851951599 16
1761435147975 0.9845753312110901 17
1761435148534 0.9857540726661682 18
1761435149098 0.9767202138900757 19
1761435149658 0.9784334897994995 20
1761435150218 0.9758595824241638 21
1761435150782 0.9676266312599182 22
1761435151343 0.9753099083900452 23
1761435151909 0.968609631061554 24
1761435152473 0.9663158059120178 25
1761435153040 0.958741307258606 26
1761435153605 0.9575780630111694 27
1761435154168 0.9545057415962219 28
1761435154731 0.9476110339164734 29
1761435155295 0.9595428705215454 30
1761435155854 0.9494975209236145 31
1761435156426 0.9400382041931152 32
1761435156987 0.931200385093689 33
1761435157547 0.9331121444702148 34
1761435158113 0.9350945353507996 35
1761435158677 0.9263856410980225 36
1761435159268 0.9233683347702026 37
1761435159914 0.9243462085723877 38
1761435160485 0.9206699132919312 39
1761435161063 0.9128714799880981 40
1761435161632 0.9213510155677795 41
1761435162214 0.9138373136520386 42
1761435162787 0.9068509340286255 43
1761435163371 0.9023613929748535 44
1761435163940 0.9168850183486938 45
1761435164517 0.8985863924026489 46
1761435165142 0.9089421033859253 47
1761435165714 0.893536388874054 48
1761435166283 0.9049995541572571 49
1761435138334 1.0677688121795654 0
