1761435077633 0.4344519078731537 0
1761435078226 0.45548099279403687 1
1761435078759 0.4563758373260498 2
1761435079325 0.4577181339263916 3
1761435079895 0.4635346829891205 4
1761435080463 0.44340044260025024 5
1761435080998 0.44026845693588257 6
1761435081534 0.4290827810764313 7
1761435082054 0.45190155506134033 8
1761435082575 0.4469798803329468 9
1761435083095 0.44026845693588257 10
1761435083623 0.4469798803329468 11
1761435084151 0.43355703353881836 12
1761435084676 0.445637583732605 13
1761435085200 0.4398210346698761 14
1761435085724 0.44742730259895325 15
1761435086246 0.4366890490055084 16
1761435086774 0.4219239354133606 17
1761435087295 0.4161073863506317 18
1761435087813 0.42237135767936707 19
1761435088336 0.4246084988117218 20
1761435088857 0.4174496531486511 21
1761435089378 0.4080536961555481 22
1761435089905 0.3928411602973938 23
1761435090425 0.4192393720149994 24
1761435090947 0.4093959629535675 25
1761435091467 0.40447425842285156 26
1761435091988 0.395525723695755 27
1761435092512 0.41297540068626404 28
1761435093033 0.40044742822647095 29
1761435093558 0.39239373803138733 30
1761435094081 0.38523489236831665 31
1761435094637 0.40984341502189636 32
1761435095163 0.4165548086166382 33
1761435095701 0.3829977512359619 34
1761435096230 0.3731543719768524 35
1761435096785 0.3901565968990326 36
1761435097309 0.3986577093601227 37
1761435097837 0.38791945576667786 38
1761435098359 0.39731544256210327 39
1761435098881 0.4000000059604645 40
1761435099404 0.3968680202960968 41
1761435099937 0.40894854068756104 42
1761435100460 0.39463087916374207 43
1761435100980 0.39060401916503906 44
1761435101501 0.3874720335006714 45
1761435102026 0.3736017942428589 46
1761435102551 0.37673377990722656 47
1761435103102 0.37539151310920715 48
1761435103639 0.39328858256340027 49
1761435077633 0.4344519078731537 0
