1761435077633 1.08937668800354 0
1761435078226 1.0476881265640259 1
1761435078759 1.0480011701583862 2
1761435079325 1.0438083410263062 3
1761435079895 1.0508100986480713 4
1761435080463 1.0540285110473633 5
1761435080998 1.0609816312789917 6
1761435081534 1.0680023431777954 7
1761435082054 1.0535566806793213 8
1761435082575 1.0645458698272705 9
1761435083095 1.0718210935592651 10
1761435083623 1.0884159803390503 11
1761435084151 1.0804460048675537 12
1761435084676 1.1024664640426636 13
1761435085200 1.0803401470184326 14
1761435085724 1.1124558448791504 15
1761435086246 1.1954116821289062 16
1761435086774 1.1641323566436768 17
1761435087295 1.1636276245117188 18
1761435087813 1.2002897262573242 19
1761435088336 1.226003885269165 20
1761435088857 1.170437216758728 21
1761435089378 1.362037181854248 22
1761435089905 1.3796623945236206 23
1761435090425 1.3172818422317505 24
1761435090947 1.4218730926513672 25
1761435091467 1.3452224731445312 26
1761435091988 1.3817490339279175 27
1761435092512 1.2915314435958862 28
1761435093033 1.4737077951431274 29
1761435093558 1.4770233631134033 30
1761435094081 1.6769927740097046 31
1761435094637 1.8341189622879028 32
1761435095163 1.9276063442230225 33
1761435095701 1.6934025287628174 34
1761435096230 1.9858101606369019 35
1761435096785 2.1879494190216064 36
1761435097309 1.9978692531585693 37
1761435097837 2.34324049949646 38
1761435098359 1.800482153892517 39
1761435098881 1.716383695602417 40
1761435099404 1.5872547626495361 41
1761435099937 1.8508824110031128 42
1761435100460 2.2282557487487793 43
1761435100980 2.716081380844116 44
1761435101501 2.672811985015869 45
1761435102026 2.4551830291748047 46
1761435102551 2.499828338623047 47
1761435103102 2.0985889434814453 48
1761435103639 2.3941094875335693 49
1761435077633 1.08937668800354 0
