1761511001671 0.41029083728790283 0
1761511002373 0.44340044260025024 1
1761511003054 0.463087260723114 2
1761511003723 0.47337806224823 3
1761511004404 0.4899328947067261 4
1761511005072 0.5051454305648804 5
1761511005755 0.5221476554870605 6
1761511006420 0.5445190072059631 7
1761511007075 0.5597315430641174 8
1761511007729 0.582997739315033 9
1761511008424 0.5982102751731873 10
1761511009155 0.609843373298645 11
1761511009828 0.6290827989578247 12
1761511010521 0.6451901793479919 13
1761511011232 0.6666666865348816 14
1761511011894 0.6805369257926941 15
1761511012553 0.7064877152442932 16
1761511013200 0.7199105024337769 17
1761511013854 0.7252796292304993 18
1761511014504 0.7351230382919312 19
1761511015156 0.7659955024719238 20
1761511015898 0.7624161243438721 21
1761511016554 0.7834451794624329 22
1761511017203 0.772706925868988 23
1761511017854 0.8026845455169678 24
1761511018511 0.8219239115715027 25
1761511019184 0.818791925907135 26
1761511019871 0.8161073923110962 27
1761511020544 0.8559284210205078 28
1761511021201 0.8568232655525208 29
1761511021860 0.8760626316070557 30
1761511022519 0.8787472248077393 31
1761511023380 0.8836688995361328 32
1761511024054 0.9033557176589966 33
1761511024774 0.9082773923873901 34
1761511025481 0.8997762799263 35
1761511026171 0.8970917463302612 36
1761511026966 0.926174521446228 37
1761511027634 0.9297538995742798 38
1761511028287 0.94451904296875 39
1761511028939 0.9395973086357117 40
1761511029597 0.9422819018363953 41
1761511030270 0.9279642105102539 42
1761511030937 0.9476510286331177 43
1761511031640 0.964205801486969 44
1761511032328 0.9664429426193237 45
1761511032990 0.9651006460189819 46
1761511033728 0.94451904296875 47
1761511034399 0.9610738158226013 48
1761511035074 0.9771811962127686 49
1761511035738 0.9798657894134521 50
1761511036421 0.9812080264091492 51
1761511037209 0.9803131818771362 52
1761511037950 0.9713646769523621 53
1761511038709 0.9780760407447815 54
1761511039387 0.9543623924255371 55
1761511040091 0.9418344497680664 56
1761511040763 0.9574943780899048 57
1761511041420 0.9776286482810974 58
1761511042078 0.990604043006897 59
1761511042857 0.990604043006897 60
1761511043570 0.9812080264091492 61
1761511044263 0.9807606339454651 62
1761511044981 0.9901565909385681 63
1761511045635 0.9928411841392517 64
1761511046287 0.9941834211349487 65
1761511046930 0.9937360286712646 66
1761511047594 0.9986577033996582 67
1761511048248 0.9937360286712646 68
1761511048931 0.9959731698036194 69
1761511049597 0.989709198474884 70
1761511050275 0.982550323009491 71
1761511050927 0.9512304067611694 72
1761511051580 0.9020134210586548 73
1761511052240 0.9243847727775574 74
1761511052953 0.9659955501556396 75
1761511053643 0.9771811962127686 76
1761511054292 0.9941834211349487 77
1761511054968 0.9955257177352905 78
1761511055637 0.9968680143356323 79
1761511056359 0.9986577033996582 80
1761511057161 0.9991051554679871 81
1761511057833 0.9977628588676453 82
1761511058566 0.9959731698036194 83
1761511059255 0.9968680143356323 84
1761511059918 0.9950783252716064 85
1761511060564 0.9964205622673035 86
1761511061210 0.9977628588676453 87
1761511061851 0.9959731698036194 88
1761511062551 0.9959731698036194 89
1761511063292 0.9977628588676453 90
1761511063960 0.9964205622673035 91
1761511064622 0.990604043006897 92
1761511065286 0.9525727033615112 93
1761511065945 0.8939597606658936 94
1761511066605 0.9579418301582336 95
1761511067297 0.9776286482810974 96
1761511068064 0.9928411841392517 97
1761511068824 0.9955257177352905 98
1761511069490 0.9973154067993164 99
1761511001671 0.41029083728790283 0
