1761511001671 1.0857324600219727 0
1761511002373 1.0601454973220825 1
1761511003054 1.0404443740844727 2
1761511003723 1.024035096168518 3
1761511004404 1.0116705894470215 4
1761511005072 0.9889158010482788 5
1761511005755 0.9679036736488342 6
1761511006420 0.9404069781303406 7
1761511007075 0.9116077423095703 8
1761511007729 0.8849477171897888 9
1761511008424 0.8489125370979309 10
1761511009155 0.8187277317047119 11
1761511009828 0.8033273220062256 12
1761511010521 0.7725428938865662 13
1761511011232 0.7465652823448181 14
1761511011894 0.7182933688163757 15
1761511012553 0.6716137528419495 16
1761511013200 0.6663299202919006 17
1761511013854 0.6248805522918701 18
1761511014504 0.6087854504585266 19
1761511015156 0.5670182108879089 20
1761511015898 0.5499323010444641 21
1761511016554 0.5061042308807373 22
1761511017203 0.5218058228492737 23
1761511017854 0.4842084050178528 24
1761511018511 0.4415835440158844 25
1761511019184 0.4319400191307068 26
1761511019871 0.4419664144515991 27
1761511020544 0.36468610167503357 28
1761511021201 0.3618672490119934 29
1761511021860 0.32559528946876526 30
1761511022519 0.3035920560359955 31
1761511023380 0.2984198331832886 32
1761511024054 0.2621372640132904 33
1761511024774 0.24672944843769073 34
1761511025481 0.2565956115722656 35
1761511026171 0.25615230202674866 36
1761511026966 0.20783179998397827 37
1761511027634 0.20321621000766754 38
1761511028287 0.162022203207016 39
1761511028939 0.15822166204452515 40
1761511029597 0.1687670201063156 41
1761511030270 0.18108078837394714 42
1761511030937 0.15974640846252441 43
1761511031640 0.12525789439678192 44
1761511032328 0.10588479787111282 45
1761511032990 0.1069708988070488 46
1761511033728 0.14587000012397766 47
1761511034399 0.11126036942005157 48
1761511035074 0.08672637492418289 49
1761511035738 0.07184751331806183 50
1761511036421 0.07185498625040054 51
1761511037209 0.06637698411941528 52
1761511037950 0.07599737495183945 53
1761511038709 0.08492919057607651 54
1761511039387 0.13330397009849548 55
1761511040091 0.16053065657615662 56
1761511040763 0.11217867583036423 57
1761511041420 0.0731133446097374 58
1761511042078 0.03842879831790924 59
1761511042857 0.041797805577516556 60
1761511043570 0.058279186487197876 61
1761511044263 0.06902714818716049 62
1761511044981 0.04011585935950279 63
1761511045635 0.030791491270065308 64
1761511046287 0.025641323998570442 65
1761511046930 0.024479888379573822 66
1761511047594 0.015722276642918587 67
1761511048248 0.018660428002476692 68
1761511048931 0.013872363604605198 69
1761511049597 0.03371630981564522 70
1761511050275 0.05200516805052757 71
1761511050927 0.14595867693424225 72
1761511051580 0.2705034017562866 73
1761511052240 0.20976416766643524 74
1761511052953 0.09502805024385452 75
1761511053643 0.06646692752838135 76
1761511054292 0.027635596692562103 77
1761511054968 0.017213983461260796 78
1761511055637 0.012249703519046307 79
1761511056359 0.010527209378778934 80
1761511057161 0.00865706242620945 81
1761511057833 0.00897677056491375 82
1761511058566 0.012600592337548733 83
1761511059255 0.01317588984966278 84
1761511059918 0.01862826757133007 85
1761511060564 0.013281158171594143 86
1761511061210 0.013620253652334213 87
1761511061851 0.011074846610426903 88
1761511062551 0.013126405887305737 89
1761511063292 0.008625884540379047 90
1761511063960 0.010664470493793488 91
1761511064622 0.03267157822847366 92
1761511065286 0.14646901190280914 93
1761511065945 0.3212597370147705 94
1761511066605 0.12361506372690201 95
1761511067297 0.06688711792230606 96
1761511068064 0.03201945498585701 97
1761511068824 0.019941382110118866 98
1761511069490 0.014259983785450459 99
1761511001671 1.0857324600219727 0
