1761437899741 0.4134228229522705 0
1761437900241 0.38791945576667786 1
1761437900736 0.42371365427970886 2
1761437901215 0.4161073863506317 3
1761437901754 0.41789710521698 4
1761437902239 0.42281877994537354 5
1761437902720 0.4120805263519287 6
1761437903194 0.41297540068626404 7
1761437903669 0.41834452748298645 8
1761437904144 0.40715882182121277 9
1761437904617 0.41834452748298645 10
1761437905091 0.4205816686153412 11
1761437905566 0.4107382595539093 12
1761437906042 0.3968680202960968 13
1761437906519 0.3982102870941162 14
1761437906996 0.41252797842025757 15
1761437907478 0.39731544256210327 16
1761437907957 0.3874720335006714 17
1761437908437 0.40581655502319336 18
1761437908917 0.37941834330558777 19
1761437909396 0.40715882182121277 20
1761437909904 0.4013422727584839 21
1761437910408 0.39463087916374207 22
1761437910889 0.3928411602973938 23
1761437911377 0.37718120217323303 24
1761437911860 0.38389262557029724 25
1761437912340 0.39328858256340027 26
1761437912820 0.3843400478363037 27
1761437913302 0.38255032896995544 28
1761437913786 0.36465322971343994 29
1761437914267 0.3829977512359619 30
1761437914746 0.3870246112346649 31
1761437915229 0.39328858256340027 32
1761437915712 0.3870246112346649 33
1761437916193 0.37539151310920715 34
1761437916674 0.3704698085784912 35
1761437917154 0.3610738217830658 36
1761437917629 0.39194631576538086 37
1761437918105 0.37404921650886536 38
1761437918584 0.38926175236701965 39
1761437919060 0.3682326674461365 40
1761437919546 0.3579418361186981 41
1761437920024 0.3704698085784912 42
1761437920508 0.36196866631507874 43
1761437920986 0.3736017942428589 44
1761437921471 0.35928410291671753 45
1761437921958 0.3570469915866852 46
1761437922439 0.36733779311180115 47
1761437922922 0.36420580744743347 48
1761437923415 0.34899330139160156 49
1761437899741 0.4134228229522705 0
