1761437899741 1.09618079662323 0
1761437900241 1.0986275672912598 1
1761437900736 1.0801465511322021 2
1761437901215 1.0873641967773438 3
1761437901754 1.0809600353240967 4
1761437902239 1.092586874961853 5
1761437902720 1.0856640338897705 6
1761437903194 1.0880541801452637 7
1761437903669 1.0811488628387451 8
1761437904144 1.117900013923645 9
1761437904617 1.0887075662612915 10
1761437905091 1.094407081604004 11
1761437905566 1.1016819477081299 12
1761437906042 1.1448981761932373 13
1761437906519 1.1325781345367432 14
1761437906996 1.1147048473358154 15
1761437907478 1.1499158143997192 16
1761437907957 1.1837570667266846 17
1761437908437 1.1708691120147705 18
1761437908917 1.1663539409637451 19
1761437909396 1.1488770246505737 20
1761437909904 1.1528364419937134 21
1761437910408 1.1495437622070312 22
1761437910889 1.2023522853851318 23
1761437911377 1.2164855003356934 24
1761437911860 1.3265146017074585 25
1761437912340 1.248498797416687 26
1761437912820 1.3683663606643677 27
1761437913302 1.3308346271514893 28
1761437913786 1.3146307468414307 29
1761437914267 1.2515777349472046 30
1761437914746 1.2461639642715454 31
1761437915229 1.4426931142807007 32
1761437915712 1.4146833419799805 33
1761437916193 1.3170963525772095 34
1761437916674 1.4415502548217773 35
1761437917154 1.3669525384902954 36
1761437917629 1.3624507188796997 37
1761437918105 1.5406354665756226 38
1761437918584 1.5518378019332886 39
1761437919060 1.579222321510315 40
1761437919546 1.5558440685272217 41
1761437920024 1.4770265817642212 42
1761437920508 2.236163854598999 43
1761437920986 1.7585939168930054 44
1761437921471 1.9683561325073242 45
1761437921958 1.6103596687316895 46
1761437922439 2.0305166244506836 47
1761437922922 1.6084766387939453 48
1761437923415 2.199429988861084 49
1761437899741 1.09618079662323 0
