1761439949904 0.3739910423755646 0
1761439950517 0.43901345133781433 1
1761439951022 0.5233184099197388 2
1761439951521 0.6013453006744385 3
1761439952018 0.6869955062866211 4
1761439952509 0.7771300673484802 5
1761439952989 0.8493273258209229 6
1761439953482 0.8766816258430481 7
1761439953974 0.8816143274307251 8
1761439954463 0.8982062935829163 9
1761439954953 0.9107623100280762 10
1761439955430 0.9004484415054321 11
1761439955905 0.9062780141830444 12
1761439956387 0.9143497943878174 13
1761439956865 0.9282511472702026 14
1761439957343 0.9286995530128479 15
1761439957828 0.9309417009353638 16
1761439958315 0.9408071637153625 17
1761439958820 0.9412556290626526 18
1761439959324 0.9206278324127197 19
1761439959804 0.9318385720252991 20
1761439960286 0.9412556290626526 21
1761439960787 0.9242152571678162 22
1761439961271 0.9336323142051697 23
1761439961763 0.9475336074829102 24
1761439962237 0.9345291256904602 25
1761439962713 0.9529147744178772 26
1761439963187 0.9488789439201355 27
1761439963663 0.9443946480751038 28
1761439964143 0.9484304785728455 29
1761439964617 0.9565022587776184 30
1761439965087 0.9493273496627808 31
1761439965566 0.9439461827278137 32
1761439966040 0.926008939743042 33
1761439966517 0.9466367959976196 34
1761439966989 0.9457399249076843 35
1761439967457 0.9511210918426514 36
1761439967930 0.9278026819229126 37
1761439968404 0.9358744621276855 38
1761439968873 0.9493273496627808 39
1761439969352 0.9479820728302002 40
1761439969834 0.9174888134002686 41
1761439970312 0.9488789439201355 42
1761439970801 0.944843053817749 43
1761439971322 0.9627802968025208 44
1761439971793 0.9533632397651672 45
1761439972273 0.9573991298675537 46
1761439972753 0.9161434769630432 47
1761439973251 0.9627802968025208 48
1761439973731 0.9502242207527161 49
1761439949904 0.3739910423755646 0
