1761439949904 1.103214144706726 0
1761439950517 1.049021601676941 1
1761439951022 0.9835919141769409 2
1761439951521 0.8786464929580688 3
1761439952018 0.7485609650611877 4
1761439952509 0.598156750202179 5
1761439952989 0.48659470677375793 6
1761439953482 0.4032878875732422 7
1761439953974 0.3588375151157379 8
1761439954463 0.30436715483665466 9
1761439954953 0.2684672772884369 10
1761439955430 0.26186618208885193 11
1761439955905 0.2572879493236542 12
1761439956387 0.2329517900943756 13
1761439956865 0.20741043984889984 14
1761439957343 0.1902443766593933 15
1761439957828 0.1835118979215622 16
1761439958315 0.16611897945404053 17
1761439958820 0.167524516582489 18
1761439959324 0.18349696695804596 19
1761439959804 0.16642099618911743 20
1761439960286 0.15023083984851837 21
1761439960787 0.17220871150493622 22
1761439961271 0.157444566488266 23
1761439961763 0.13022328913211823 24
1761439962237 0.1548672467470169 25
1761439962713 0.1298874169588089 26
1761439963187 0.14351800084114075 27
1761439963663 0.13765166699886322 28
1761439964143 0.1310158520936966 29
1761439964617 0.11531750112771988 30
1761439965087 0.11994022876024246 31
1761439965566 0.13163289427757263 32
1761439966040 0.1896478831768036 33
1761439966517 0.13482549786567688 34
1761439966989 0.12980662286281586 35
1761439967457 0.12019634246826172 36
1761439967930 0.16415806114673615 37
1761439968404 0.14883531630039215 38
1761439968873 0.12467575818300247 39
1761439969352 0.12468668073415756 40
1761439969834 0.1958051472902298 41
1761439970312 0.1304815411567688 42
1761439970801 0.1371498852968216 43
1761439971322 0.09426509588956833 44
1761439971793 0.10185853391885757 45
1761439972273 0.10595680773258209 46
1761439972753 0.2675282955169678 47
1761439973251 0.09558077901601791 48
1761439973731 0.1184408962726593 49
1761439949904 1.103214144706726 0
