1761438770936 0.40943819284439087 0
1761438771625 0.43910112977027893 1
1761438772285 0.44404494762420654 2
1761438772948 0.4961797893047333 3
1761438773596 0.5222471952438354 4
1761438774249 0.5546067357063293 5
1761438774905 0.6251685619354248 6
1761438775553 0.6817977428436279 7
1761438776205 0.7694382071495056 8
1761438776854 0.8314606547355652 9
1761438777508 0.8440449237823486 10
1761438778170 0.8768539428710938 11
1761438778822 0.8835955262184143 12
1761438779483 0.8930336833000183 13
1761438780130 0.9141573309898376 14
1761438780789 0.9182022213935852 15
1761438781433 0.9307864904403687 16
1761438782071 0.9393258690834045 17
1761438782716 0.9213483333587646 18
1761438783358 0.9168539047241211 19
1761438784032 0.9402247071266174 20
1761438784744 0.9388763904571533 21
1761438785399 0.9523595571517944 22
1761438786042 0.9577528238296509 23
1761438786695 0.9546067118644714 24
1761438787338 0.946966290473938 25
1761438788001 0.9573033452033997 26
1761438788643 0.9451685547828674 27
1761438789292 0.9523595571517944 28
1761438789936 0.9505618214607239 29
1761438790578 0.9577528238296509 30
1761438791224 0.966292142868042 31
1761438791868 0.9667415618896484 32
1761438792514 0.9582022428512573 33
1761438793157 0.9698876142501831 34
1761438793796 0.9617977738380432 35
1761438794444 0.9752808809280396 36
1761438795090 0.9757303595542908 37
1761438795733 0.9721348285675049 38
1761438796377 0.9775280952453613 39
1761438797022 0.973483145236969 40
1761438797666 0.9667415618896484 41
1761438798306 0.9658427238464355 42
1761438798973 0.9631460905075073 43
1761438799671 0.9698876142501831 44
1761438800345 0.9761797785758972 45
1761438800987 0.9779775142669678 46
1761438801633 0.973483145236969 47
1761438802274 0.9779775142669678 48
1761438802924 0.9869663119316101 49
1761438770936 0.40943819284439087 0
