1761438770936 1.0774818658828735 0
1761438771625 1.0566744804382324 1
1761438772285 1.0452474355697632 2
1761438772948 1.0193967819213867 3
1761438773596 0.9999350309371948 4
1761438774249 0.9491478800773621 5
1761438774905 0.8513215780258179 6
1761438775553 0.7095364332199097 7
1761438776205 0.5447842478752136 8
1761438776854 0.42985373735427856 9
1761438777508 0.3670099973678589 10
1761438778170 0.3152447044849396 11
1761438778822 0.2658246159553528 12
1761438779483 0.2770180106163025 13
1761438780130 0.2406984567642212 14
1761438780789 0.21743708848953247 15
1761438781433 0.2002297043800354 16
1761438782071 0.1810062676668167 17
1761438782716 0.20374558866024017 18
1761438783358 0.20181283354759216 19
1761438784032 0.16568781435489655 20
1761438784744 0.1600511223077774 21
1761438785399 0.1327182650566101 22
1761438786042 0.13074858486652374 23
1761438786695 0.12486367672681808 24
1761438787338 0.13464364409446716 25
1761438788001 0.11754824966192245 26
1761438788643 0.15417233109474182 27
1761438789292 0.1260995715856552 28
1761438789936 0.1323353499174118 29
1761438790578 0.10507011413574219 30
1761438791224 0.0987888053059578 31
1761438791868 0.09871288388967514 32
1761438792514 0.11862924695014954 33
1761438793157 0.09261985868215561 34
1761438793796 0.09727591276168823 35
1761438794444 0.0720495879650116 36
1761438795090 0.07191722095012665 37
1761438795733 0.07603383809328079 38
1761438796377 0.065300352871418 39
1761438797022 0.07641490548849106 40
1761438797666 0.09702124446630478 41
1761438798306 0.09588997811079025 42
1761438798973 0.09170020371675491 43
1761438799671 0.08039530366659164 44
1761438800345 0.06858672946691513 45
1761438800987 0.07029616087675095 46
1761438801633 0.06654343754053116 47
1761438802274 0.06131947785615921 48
1761438802924 0.045007992535829544 49
1761438770936 1.0774818658828735 0
