1761435048528 0.4442952871322632 0
1761435049033 0.4492169916629791 1
1761435049514 0.4563758373260498 2
1761435050021 0.4469798803329468 3
1761435050554 0.4478747248649597 4
1761435051056 0.45816555619239807 5
1761435051542 0.4536912739276886 6
1761435052035 0.4411633014678955 7
1761435052512 0.4523490071296692 8
1761435052991 0.46263980865478516 9
1761435053465 0.4510067105293274 10
1761435053937 0.4523490071296692 11
1761435054410 0.4429530203342438 12
1761435054889 0.4371364712715149 13
1761435055370 0.4398210346698761 14
1761435055845 0.4429530203342438 15
1761435056317 0.4411633014678955 16
1761435056796 0.4366890490055084 17
1761435057277 0.43355703353881836 18
1761435057752 0.4384787380695343 19
1761435058228 0.45190155506134033 20
1761435058707 0.42237135767936707 21
1761435059184 0.4478747248649597 22
1761435059661 0.43355703353881836 23
1761435060147 0.4192393720149994 24
1761435060626 0.42102909088134766 25
1761435061111 0.42281877994537354 26
1761435061597 0.399552583694458 27
1761435062078 0.42953020334243774 28
1761435062560 0.4259507954120636 29
1761435063045 0.39642056822776794 30
1761435063541 0.41565996408462524 31
1761435064044 0.413870245218277 32
1761435064523 0.43355703353881836 33
1761435065013 0.40715882182121277 34
1761435065494 0.4411633014678955 35
1761435065967 0.431319922208786 36
1761435066445 0.4259507954120636 37
1761435066932 0.413870245218277 38
1761435067409 0.4161073863506317 39
1761435067954 0.4192393720149994 40
1761435068455 0.3959731459617615 41
1761435068939 0.4165548086166382 42
1761435069417 0.40178969502449036 43
1761435069903 0.4165548086166382 44
1761435070377 0.42416107654571533 45
1761435070855 0.40715882182121277 46
1761435071337 0.3870246112346649 47
1761435071816 0.40581655502319336 48
1761435072288 0.4040268361568451 49
1761435048528 0.4442952871322632 0
