1761435048528 1.0664777755737305 0
1761435049033 1.0479360818862915 1
1761435049514 1.0426080226898193 2
1761435050021 1.0477639436721802 3
1761435050554 1.0491700172424316 4
1761435051056 1.0499458312988281 5
1761435051542 1.0432195663452148 6
1761435052035 1.0631312131881714 7
1761435052512 1.0525486469268799 8
1761435052991 1.041348934173584 9
1761435053465 1.060368299484253 10
1761435053937 1.0617568492889404 11
1761435054410 1.0678402185440063 12
1761435054889 1.0956796407699585 13
1761435055370 1.0799131393432617 14
1761435055845 1.091874599456787 15
1761435056317 1.0889719724655151 16
1761435056796 1.0909677743911743 17
1761435057277 1.0943548679351807 18
1761435057752 1.1011720895767212 19
1761435058228 1.0736289024353027 20
1761435058707 1.1155972480773926 21
1761435059184 1.1050955057144165 22
1761435059661 1.1233309507369995 23
1761435060147 1.15669584274292 24
1761435060626 1.121796727180481 25
1761435061111 1.1408289670944214 26
1761435061597 1.2106716632843018 27
1761435062078 1.1489423513412476 28
1761435062560 1.1492066383361816 29
1761435063045 1.2222237586975098 30
1761435063541 1.14247465133667 31
1761435064044 1.1798762083053589 32
1761435064523 1.1871713399887085 33
1761435065013 1.1801725625991821 34
1761435065494 1.1516965627670288 35
1761435065967 1.1556980609893799 36
1761435066445 1.1984370946884155 37
1761435066932 1.3615193367004395 38
1761435067409 1.3372505903244019 39
1761435067954 1.2746394872665405 40
1761435068455 1.254677176475525 41
1761435068939 1.2067127227783203 42
1761435069417 1.3855690956115723 43
1761435069903 1.272159218788147 44
1761435070377 1.1811635494232178 45
1761435070855 1.2366712093353271 46
1761435071337 1.4345701932907104 47
1761435071816 1.3766705989837646 48
1761435072288 1.2376378774642944 49
1761435048528 1.0664777755737305 0
