1761512967588 0.3758389353752136 0
1761512967986 0.4022371470928192 1
1761512968419 0.4080536961555481 2
1761512968842 0.4165548086166382 3
1761512969239 0.4304250478744507 4
1761512969673 0.41834452748298645 5
1761512970082 0.4214765131473541 6
1761512970583 0.41789710521698 7
1761512971057 0.4232662320137024 8
1761512971522 0.42505592107772827 9
1761512971982 0.4187919497489929 10
1761512972431 0.4174496531486511 11
1761512972816 0.431319922208786 12
1761512973232 0.4205816686153412 13
1761512973611 0.4277404844760895 14
1761512974001 0.4192393720149994 15
1761512974384 0.42281877994537354 16
1761512974818 0.4290827810764313 17
1761512975209 0.431319922208786 18
1761512975600 0.427293062210083 19
1761512975986 0.4290827810764313 20
1761512976372 0.427293062210083 21
1761512976798 0.4290827810764313 22
1761512977236 0.4214765131473541 23
1761512977686 0.4317673444747925 24
1761512978125 0.43355703353881836 25
1761512978513 0.4232662320137024 26
1761512978888 0.42818790674209595 27
1761512979270 0.41565996408462524 28
1761512979655 0.4290827810764313 29
1761512980044 0.4232662320137024 30
1761512980440 0.42684563994407654 31
1761512980830 0.42505592107772827 32
1761512981232 0.42013421654701233 33
1761512981624 0.42953020334243774 34
1761512982029 0.42371365427970886 35
1761512982406 0.42505592107772827 36
1761512982814 0.4259507954120636 37
1761512983225 0.4299776256084442 38
1761512983629 0.43087247014045715 39
1761512984031 0.4246084988117218 40
1761512984413 0.42818790674209595 41
1761512984793 0.42505592107772827 42
1761512985192 0.43087247014045715 43
1761512985603 0.4152125418186188 44
1761512986016 0.4286353588104248 45
1761512986431 0.4219239354133606 46
1761512986816 0.4277404844760895 47
1761512987215 0.4192393720149994 48
1761512987612 0.42237135767936707 49
1761512988031 0.42639821767807007 50
1761512988434 0.41968679428100586 51
1761512988817 0.4147650897502899 52
1761512989201 0.42416107654571533 53
1761512989586 0.41565996408462524 54
1761512989968 0.413870245218277 55
1761512990351 0.4147650897502899 56
1761512990737 0.4035794138908386 57
1761512991126 0.4013422727584839 58
1761512991505 0.41029083728790283 59
1761512991894 0.3968680202960968 60
1761512992281 0.4008948504924774 61
1761512992704 0.39105144143104553 62
1761512993092 0.3928411602973938 63
1761512993467 0.3941834568977356 64
1761512993850 0.39910513162612915 65
1761512994255 0.4040268361568451 66
1761512994640 0.41118568181991577 67
1761512995020 0.3883668780326843 68
1761512995403 0.4022371470928192 69
1761512995787 0.3744966387748718 70
1761512996164 0.3744966387748718 71
1761512996528 0.36554810404777527 72
1761512996934 0.37404921650886536 73
1761512997317 0.3736017942428589 74
1761512997729 0.3539149761199951 75
1761512998116 0.36465322971343994 76
1761512998500 0.38344520330429077 77
1761512998900 0.3776286244392395 78
1761512999284 0.38076063990592957 79
1761512999676 0.3888143301010132 80
1761513000087 0.37270694971084595 81
1761513000487 0.3722594976425171 82
1761513000885 0.36465322971343994 83
1761513001285 0.37673377990722656 84
1761513001682 0.36465322971343994 85
1761513002074 0.3597315549850464 86
1761513002460 0.3722594976425171 87
1761513002850 0.36465322971343994 88
1761513003239 0.3525727093219757 89
1761513003633 0.3583892583847046 90
1761513004023 0.3539149761199951 91
1761513004447 0.3458612859249115 92
1761513004828 0.36778524518013 93
1761513005213 0.37404921650886536 94
1761513005599 0.33288589119911194 95
1761513005996 0.35078299045562744 96
1761513006402 0.36331096291542053 97
1761513006811 0.35615211725234985 98
1761513007199 0.3530201315879822 99
1761512967588 0.3758389353752136 0
