1761512967588 1.1138359308242798 0
1761512967986 1.0813359022140503 1
1761512968419 1.0777875185012817 2
1761512968842 1.073816180229187 3
1761512969239 1.0721417665481567 4
1761512969673 1.0715214014053345 5
1761512970082 1.0714638233184814 6
1761512970583 1.0710793733596802 7
1761512971057 1.070243239402771 8
1761512971522 1.0699418783187866 9
1761512971982 1.0694657564163208 10
1761512972431 1.0694770812988281 11
1761512972816 1.0685620307922363 12
1761512973232 1.069840431213379 13
1761512973611 1.068352222442627 14
1761512974001 1.0691227912902832 15
1761512974384 1.0685919523239136 16
1761512974818 1.069254755973816 17
1761512975209 1.0695594549179077 18
1761512975600 1.0682851076126099 19
1761512975986 1.0689467191696167 20
1761512976372 1.0698792934417725 21
1761512976798 1.0686994791030884 22
1761512977236 1.0698821544647217 23
1761512977686 1.068827748298645 24
1761512978125 1.068666696548462 25
1761512978513 1.068994402885437 26
1761512978888 1.0703647136688232 27
1761512979270 1.069608449935913 28
1761512979655 1.0698127746582031 29
1761512980044 1.068809151649475 30
1761512980440 1.0706273317337036 31
1761512980830 1.0681184530258179 32
1761512981232 1.0712645053863525 33
1761512981624 1.0710127353668213 34
1761512982029 1.0690619945526123 35
1761512982406 1.0686851739883423 36
1761512982814 1.072081208229065 37
1761512983225 1.0708218812942505 38
1761512983629 1.0715408325195312 39
1761512984031 1.0677391290664673 40
1761512984413 1.0732756853103638 41
1761512984793 1.0696344375610352 42
1761512985192 1.073023796081543 43
1761512985603 1.0726103782653809 44
1761512986016 1.07167387008667 45
1761512986431 1.073691487312317 46
1761512986816 1.072391390800476 47
1761512987215 1.0743342638015747 48
1761512987612 1.0705369710922241 49
1761512988031 1.0777608156204224 50
1761512988434 1.076888918876648 51
1761512988817 1.078189492225647 52
1761512989201 1.0764360427856445 53
1761512989586 1.082146167755127 54
1761512989968 1.078526258468628 55
1761512990351 1.0887868404388428 56
1761512990737 1.0822556018829346 57
1761512991126 1.0877336263656616 58
1761512991505 1.0917878150939941 59
1761512991894 1.0991430282592773 60
1761512992281 1.0996648073196411 61
1761512992704 1.1030628681182861 62
1761512993092 1.110135555267334 63
1761512993467 1.1056890487670898 64
1761512993850 1.1087054014205933 65
1761512994255 1.1209933757781982 66
1761512994640 1.1253583431243896 67
1761512995020 1.1515992879867554 68
1761512995403 1.1735330820083618 69
1761512995787 1.191933035850525 70
1761512996164 1.2296545505523682 71
1761512996528 1.3135972023010254 72
1761512996934 1.3061230182647705 73
1761512997317 1.343649983406067 74
1761512997729 1.4145832061767578 75
1761512998116 1.3890483379364014 76
1761512998500 1.4201604127883911 77
1761512998900 1.41969633102417 78
1761512999284 1.4943888187408447 79
1761512999676 1.5125503540039062 80
1761513000087 1.5595406293869019 81
1761513000487 1.5688412189483643 82
1761513000885 1.683101773262024 83
1761513001285 1.712735652923584 84
1761513001682 1.7636466026306152 85
1761513002074 2.0594656467437744 86
1761513002460 1.7977930307388306 87
1761513002850 1.7665635347366333 88
1761513003239 1.861161470413208 89
1761513003633 1.777464509010315 90
1761513004023 1.749011516571045 91
1761513004447 1.7709770202636719 92
1761513004828 1.7498995065689087 93
1761513005213 1.6449986696243286 94
1761513005599 1.9954042434692383 95
1761513005996 1.7099359035491943 96
1761513006402 1.926032304763794 97
1761513006811 1.8478037118911743 98
1761513007199 1.907301664352417 99
1761512967588 1.1138359308242798 0
