1761381747613 0.4796420633792877 0
1761381748778 0.527516782283783 1
1761381749932 0.5105145573616028 2
1761381751107 0.518568217754364 3
1761381752254 0.544966459274292 4
1761381753371 0.5418344736099243 5
1761381754489 0.5565995573997498 6
1761381755665 0.5619686841964722 7
1761381756786 0.5803132057189941 8
1761381757907 0.5767337679862976 9
1761381759027 0.5847874879837036 10
1761381760146 0.5991051197052002 11
1761381761305 0.6116331219673157 12
1761381762431 0.6156599521636963 13
1761381763541 0.6255033612251282 14
1761381764661 0.636241614818573 15
1761381765828 0.6308724880218506 16
1761381766943 0.6308724880218506 17
1761381768061 0.6375839114189148 18
1761381769181 0.6429530382156372 19
1761381770292 0.6438478827476501 20
1761381771437 0.636241614818573 21
1761381772554 0.6384787559509277 22
1761381773678 0.6290827989578247 23
1761381774799 0.6340044736862183 24
1761381775963 0.6469798684120178 25
1761381777083 0.6532438397407532 26
1761381778200 0.6554809808731079 27
1761381779314 0.6442952752113342 28
1761381780426 0.6442952752113342 29
1761381781562 0.6626397967338562 30
1761381782683 0.6425055861473083 31
1761381783793 0.6487695574760437 32
1761381784919 0.6474273204803467 33
1761381786088 0.6568232774734497 34
1761381787205 0.6407158970832825 35
1761381788322 0.6519015431404114 36
1761381789446 0.6425055861473083 37
1761381790572 0.6519015431404114 38
1761381791708 0.654586136341095 39
1761381792829 0.6505593061447144 40
1761381793950 0.655033528804779 41
1761381795076 0.6411632895469666 42
1761381796236 0.6469798684120178 43
1761381797351 0.6541386842727661 44
1761381798471 0.655033528804779 45
1761381799586 0.6438478827476501 46
1761381800712 0.6501118540763855 47
1761381801848 0.6523489952087402 48
1761381802963 0.6451901793479919 49
1761381747613 0.4796420633792877 0
