1761381747613 1.935852289199829 0
1761381748778 1.687829613685608 1
1761381749932 1.6715705394744873 2
1761381751107 1.5327730178833008 3
1761381752254 1.3963249921798706 4
1761381753371 1.3198779821395874 5
1761381754489 1.2269679307937622 6
1761381755665 1.1165739297866821 7
1761381756786 1.0329768657684326 8
1761381757907 1.005786418914795 9
1761381759027 0.9611029028892517 10
1761381760146 0.9232159852981567 11
1761381761305 0.8830211758613586 12
1761381762431 0.8734503388404846 13
1761381763541 0.8612680435180664 14
1761381764661 0.8560836911201477 15
1761381765828 0.8586593866348267 16
1761381766943 0.8355429172515869 17
1761381768061 0.8381097912788391 18
1761381769181 0.8311885595321655 19
1761381770292 0.8254931569099426 20
1761381771437 0.8361597657203674 21
1761381772554 0.8356431126594543 22
1761381773678 0.834505558013916 23
1761381774799 0.8245253562927246 24
1761381775963 0.8233648538589478 25
1761381777083 0.8237118721008301 26
1761381778200 0.8219742178916931 27
1761381779314 0.8204450607299805 28
1761381780426 0.8195347189903259 29
1761381781562 0.8065904378890991 30
1761381782683 0.8151845335960388 31
1761381783793 0.8161986470222473 32
1761381784919 0.8164179921150208 33
1761381786088 0.8106982111930847 34
1761381787205 0.8204250931739807 35
1761381788322 0.8044038414955139 36
1761381789446 0.8144009113311768 37
1761381790572 0.8096224069595337 38
1761381791708 0.8083167672157288 39
1761381792829 0.8079787492752075 40
1761381793950 0.7965327501296997 41
1761381795076 0.8359421491622925 42
1761381796236 0.8034956455230713 43
1761381797351 0.8110033869743347 44
1761381798471 0.8081430792808533 45
1761381799586 0.8144578337669373 46
1761381800712 0.8026185631752014 47
1761381801848 0.818128228187561 48
1761381802963 0.8081303238868713 49
1761381747613 1.935852289199829 0
