1761435827575 0.41834452748298645 0
1761435828156 0.4478747248649597 1
1761435828716 0.459060400724411 2
1761435829281 0.4760626256465912 3
1761435829844 0.4787471890449524 4
1761435830409 0.4912751615047455 5
1761435830978 0.49306488037109375 6
1761435831541 0.49843400716781616 7
1761435832106 0.5096197128295898 8
1761435832668 0.5114094018936157 9
1761435833238 0.5243847966194153 10
1761435833807 0.5333333611488342 11
1761435834369 0.5319910645484924 12
1761435834931 0.5422818660736084 13
1761435835497 0.5507829785346985 14
1761435836065 0.5588366985321045 15
1761435836629 0.5615212321281433 16
1761435837195 0.5776286125183105 17
1761435837758 0.5740492343902588 18
1761435838327 0.5865771770477295 19
1761435838894 0.5977628827095032 20
1761435839459 0.5892617702484131 21
1761435840023 0.5883668661117554 22
1761435840582 0.6089485287666321 23
1761435841147 0.609843373298645 24
1761435841711 0.6067113876342773 25
1761435842276 0.6237136721611023 26
1761435842841 0.6246085166931152 27
1761435843408 0.6299776434898376 28
1761435843977 0.6237136721611023 29
1761435844549 0.6299776434898376 30
1761435845113 0.6322147846221924 31
1761435845677 0.6366890668869019 32
1761435846242 0.6451901793479919 33
1761435846808 0.6505593061447144 34
1761435847374 0.6357941627502441 35
1761435847937 0.6559284329414368 36
1761435848503 0.6738255023956299 37
1761435849071 0.6595078110694885 38
1761435849641 0.6568232774734497 39
1761435850203 0.6778523325920105 40
1761435850773 0.6626397967338562 41
1761435851335 0.6648769378662109 42
1761435851902 0.673378050327301 43
1761435852464 0.6760626435279846 44
1761435853028 0.6693512201309204 45
1761435853592 0.6841163039207458 46
1761435854157 0.673378050327301 47
1761435854726 0.6885905861854553 48
1761435855285 0.6778523325920105 49
1761435827575 0.41834452748298645 0
