1761435827575 1.0766133069992065 0
1761435828156 1.0526435375213623 1
1761435828716 1.0417276620864868 2
1761435829281 1.0354770421981812 3
1761435829844 1.028531551361084 4
1761435830409 1.021252989768982 5
1761435830978 1.0160225629806519 6
1761435831541 1.0067039728164673 7
1761435832106 0.9944301843643188 8
1761435832668 0.9922968149185181 9
1761435833238 0.9808828830718994 10
1761435833807 0.9671682715415955 11
1761435834369 0.9559628367424011 12
1761435834931 0.9577295780181885 13
1761435835497 0.9431726932525635 14
1761435836065 0.9281184673309326 15
1761435836629 0.9349714517593384 16
1761435837195 0.9098014831542969 17
1761435837758 0.9119524359703064 18
1761435838327 0.8957563638687134 19
1761435838894 0.8847529888153076 20
1761435839459 0.8878815174102783 21
1761435840023 0.8814950585365295 22
1761435840582 0.8634123206138611 23
1761435841147 0.8600823879241943 24
1761435841711 0.8648701310157776 25
1761435842276 0.8314347267150879 26
1761435842841 0.8414435386657715 27
1761435843408 0.8276385068893433 28
1761435843977 0.8192992210388184 29
1761435844549 0.833945095539093 30
1761435845113 0.8119323253631592 31
1761435845677 0.8025482296943665 32
1761435846242 0.7913761138916016 33
1761435846808 0.7912420630455017 34
1761435847374 0.8047181367874146 35
1761435847937 0.7847305536270142 36
1761435848503 0.7738214135169983 37
1761435849071 0.7628164887428284 38
1761435849641 0.774501383304596 39
1761435850203 0.746986448764801 40
1761435850773 0.7640300989151001 41
1761435851335 0.7580781579017639 42
1761435851902 0.7397974133491516 43
1761435852464 0.7318239212036133 44
1761435853028 0.7356932759284973 45
1761435853592 0.7324972748756409 46
1761435854157 0.7261005640029907 47
1761435854726 0.7253784537315369 48
1761435855285 0.7279287576675415 49
1761435827575 1.0766133069992065 0
