1761438067262 0.42818790674209595 0
1761438067849 0.4684563875198364 1
1761438068472 0.48098433017730713 2
1761438069048 0.48903802037239075 3
1761438069622 0.4894854724407196 4
1761438070192 0.4899328947067261 5
1761438070760 0.5136465430259705 6
1761438071327 0.5149888396263123 7
1761438071896 0.5158836841583252 8
1761438072471 0.5324384570121765 9
1761438073044 0.5306487679481506 10
1761438073613 0.5306487679481506 11
1761438074183 0.5494407415390015 12
1761438074757 0.5503355860710144 13
1761438075328 0.5583892464637756 14
1761438075891 0.572706937789917 15
1761438076458 0.5807605981826782 16
1761438077073 0.5959731340408325 17
1761438077676 0.6017897129058838 18
1761438078239 0.6062639951705933 19
1761438078807 0.6170022487640381 20
1761438079373 0.6214765310287476 21
1761438079937 0.6250559091567993 22
1761438080503 0.6308724880218506 23
1761438081068 0.6308724880218506 24
1761438081631 0.6353467702865601 25
1761438082197 0.6380313038825989 26
1761438082761 0.6505593061447144 27
1761438083329 0.653691291809082 28
1761438083893 0.6505593061447144 29
1761438084454 0.6666666865348816 30
1761438085025 0.6774049401283264 31
1761438085592 0.6809843182563782 32
1761438086160 0.6765100955963135 33
1761438086725 0.6689038276672363 34
1761438087316 0.6894854307174683 35
1761438087905 0.6930648684501648 36
1761438088511 0.6760626435279846 37
1761438089107 0.6841163039207458 38
1761438089713 0.6809843182563782 39
1761438090312 0.6926174759864807 40
1761438090917 0.6948545575141907 41
1761438091524 0.7069351077079773 42
1761438092141 0.7046979665756226 43
1761438092758 0.7038031220436096 44
1761438093332 0.6930648684501648 45
1761438093939 0.7127516865730286 46
1761438094517 0.7185682058334351 47
1761438095086 0.7123042345046997 48
1761438095658 0.736912727355957 49
1761438067262 0.42818790674209595 0
