1761438067262 1.0693180561065674 0
1761438067849 1.0447838306427002 1
1761438068472 1.0335509777069092 2
1761438069048 1.0249828100204468 3
1761438069622 1.0194569826126099 4
1761438070192 1.009926438331604 5
1761438070760 0.996651291847229 6
1761438071327 0.9905405640602112 7
1761438071896 0.9803674817085266 8
1761438072471 0.9725205898284912 9
1761438073044 0.9548225402832031 10
1761438073613 0.9439687728881836 11
1761438074183 0.931452214717865 12
1761438074757 0.92537522315979 13
1761438075328 0.9241030812263489 14
1761438075891 0.8981082439422607 15
1761438076458 0.8906678557395935 16
1761438077073 0.8838512897491455 17
1761438077676 0.8639376759529114 18
1761438078239 0.8660743832588196 19
1761438078807 0.8407495021820068 20
1761438079373 0.832089364528656 21
1761438079937 0.8321405649185181 22
1761438080503 0.8166468143463135 23
1761438081068 0.8229982256889343 24
1761438081631 0.7974323034286499 25
1761438082197 0.7939580082893372 26
1761438082761 0.7826905250549316 27
1761438083329 0.7671911120414734 28
1761438083893 0.7677691578865051 29
1761438084454 0.7533830404281616 30
1761438085025 0.7489972710609436 31
1761438085592 0.7305070161819458 32
1761438086160 0.7363452315330505 33
1761438086725 0.7374867796897888 34
1761438087316 0.7079653739929199 35
1761438087905 0.700718104839325 36
1761438088511 0.7188848257064819 37
1761438089107 0.7029349207878113 38
1761438089713 0.7106603980064392 39
1761438090312 0.6961203217506409 40
1761438090917 0.6762502193450928 41
1761438091524 0.6781970858573914 42
1761438092141 0.6778273582458496 43
1761438092758 0.6675596833229065 44
1761438093332 0.6918858289718628 45
1761438093939 0.6598811149597168 46
1761438094517 0.6406450271606445 47
1761438095086 0.6724795699119568 48
1761438095658 0.6086190938949585 49
1761438067262 1.0693180561065674 0
