1761510673044 0.40313199162483215 0
1761510673630 0.4134228229522705 1
1761510674120 0.4053691327571869 2
1761510674601 0.41297540068626404 3
1761510675080 0.41252797842025757 4
1761510675561 0.399552583694458 5
1761510676035 0.40581655502319336 6
1761510676504 0.41118568181991577 7
1761510677043 0.4013422727584839 8
1761510677556 0.42237135767936707 9
1761510678070 0.4076062738895416 10
1761510678565 0.395525723695755 11
1761510679058 0.38791945576667786 12
1761510679543 0.4035794138908386 13
1761510680037 0.40984341502189636 14
1761510680587 0.3897091746330261 15
1761510681075 0.3968680202960968 16
1761510681568 0.4053691327571869 17
1761510682119 0.3914988934993744 18
1761510682628 0.3856823146343231 19
1761510683101 0.4049217104911804 20
1761510683639 0.40178969502449036 21
1761510684139 0.37807607650756836 22
1761510684622 0.3749440610408783 23
1761510685090 0.37673377990722656 24
1761510685561 0.39731544256210327 25
1761510686029 0.3718120753765106 26
1761510686497 0.37852349877357483 27
1761510686970 0.3758389353752136 28
1761510687474 0.38120806217193604 29
1761510687942 0.3682326674461365 30
1761510688408 0.3776286244392395 31
1761510688893 0.38255032896995544 32
1761510689356 0.39239373803138733 33
1761510689839 0.37852349877357483 34
1761510690306 0.3722594976425171 35
1761510690773 0.3897091746330261 36
1761510691242 0.3762863576412201 37
1761510691714 0.35346755385398865 38
1761510692183 0.38120806217193604 39
1761510692676 0.3722594976425171 40
1761510693158 0.3606263995170593 41
1761510693630 0.37404921650886536 42
1761510694101 0.37807607650756836 43
1761510694572 0.3695749342441559 44
1761510695044 0.3789709210395813 45
1761510695517 0.3762863576412201 46
1761510695986 0.3736017942428589 47
1761510696458 0.39105144143104553 48
1761510696951 0.37986576557159424 49
1761510697433 0.38791945576667786 50
1761510697914 0.35615211725234985 51
1761510698387 0.37002235651016235 52
1761510698887 0.3610738217830658 53
1761510699363 0.36554810404777527 54
1761510699848 0.35615211725234985 55
1761510700344 0.3530201315879822 56
1761510700865 0.3704698085784912 57
1761510701408 0.363758385181427 58
1761510701911 0.3624161183834076 59
1761510702396 0.3897091746330261 60
1761510702879 0.3691275119781494 61
1761510703395 0.36599552631378174 62
1761510703887 0.37539151310920715 63
1761510704399 0.3651006817817688 64
1761510704896 0.33959731459617615 65
1761510705379 0.3709172308444977 66
1761510705865 0.3579418361186981 67
1761510706344 0.37673377990722656 68
1761510706848 0.3691275119781494 69
1761510707380 0.3557046949863434 70
1761510707860 0.36868008971214294 71
1761510708371 0.3472035825252533 72
1761510708957 0.35346755385398865 73
1761510709460 0.3749440610408783 74
1761510709989 0.363758385181427 75
1761510710485 0.36554810404777527 76
1761510710971 0.37852349877357483 77
1761510711454 0.36286354064941406 78
1761510711939 0.3668903708457947 79
1761510712545 0.36868008971214294 80
1761510713075 0.38523489236831665 81
1761510713590 0.36331096291542053 82
1761510714090 0.38523489236831665 83
1761510714597 0.363758385181427 84
1761510715076 0.36196866631507874 85
1761510715550 0.37807607650756836 86
1761510716022 0.3736017942428589 87
1761510716496 0.35928410291671753 88
1761510716970 0.37986576557159424 89
1761510717442 0.35883668065071106 90
1761510717917 0.3624161183834076 91
1761510718390 0.36331096291542053 92
1761510718864 0.3709172308444977 93
1761510719356 0.3557046949863434 94
1761510719860 0.35167786478996277 95
1761510720342 0.3498881459236145 96
1761510720818 0.37136465311050415 97
1761510721297 0.36778524518013 98
1761510721783 0.3982102870941162 99
1761510673044 0.40313199162483215 0
