1761510673044 1.0951006412506104 0
1761510673630 1.0836129188537598 1
1761510674120 1.091987133026123 2
1761510674601 1.0818597078323364 3
1761510675080 1.0907959938049316 4
1761510675561 1.0864452123641968 5
1761510676035 1.0953776836395264 6
1761510676504 1.0893858671188354 7
1761510677043 1.1018397808074951 8
1761510677556 1.105344533920288 9
1761510678070 1.0976102352142334 10
1761510678565 1.119350790977478 11
1761510679058 1.1137100458145142 12
1761510679543 1.110987901687622 13
1761510680037 1.1177427768707275 14
1761510680587 1.1305872201919556 15
1761510681075 1.123390555381775 16
1761510681568 1.15284264087677 17
1761510682119 1.1440670490264893 18
1761510682628 1.2111436128616333 19
1761510683101 1.1812876462936401 20
1761510683639 1.1322118043899536 21
1761510684139 1.170117974281311 22
1761510684622 1.201779842376709 23
1761510685090 1.2318400144577026 24
1761510685561 1.2035526037216187 25
1761510686029 1.2143316268920898 26
1761510686497 1.2183072566986084 27
1761510686970 1.2222031354904175 28
1761510687474 1.2152111530303955 29
1761510687942 1.2583798170089722 30
1761510688408 1.2577698230743408 31
1761510688893 1.2186925411224365 32
1761510689356 1.4255986213684082 33
1761510689839 1.2616760730743408 34
1761510690306 1.3905587196350098 35
1761510690773 1.4103902578353882 36
1761510691242 1.3205324411392212 37
1761510691714 1.4129233360290527 38
1761510692183 1.2541043758392334 39
1761510692676 1.3753962516784668 40
1761510693158 1.4866877794265747 41
1761510693630 1.413008451461792 42
1761510694101 1.4206193685531616 43
1761510694572 1.2888315916061401 44
1761510695044 1.2637499570846558 45
1761510695517 1.3474236726760864 46
1761510695986 1.4168870449066162 47
1761510696458 1.4331427812576294 48
1761510696951 1.4858535528182983 49
1761510697433 1.380193829536438 50
1761510697914 1.7539740800857544 51
1761510698387 1.5557194948196411 52
1761510698887 1.746753215789795 53
1761510699363 1.4890789985656738 54
1761510699848 1.670413613319397 55
1761510700344 1.596733570098877 56
1761510700865 1.6223021745681763 57
1761510701408 1.5267891883850098 58
1761510701911 1.4717800617218018 59
1761510702396 1.3575509786605835 60
1761510702879 1.4025321006774902 61
1761510703395 1.7048839330673218 62
1761510703887 1.7340192794799805 63
1761510704399 1.7925474643707275 64
1761510704896 1.8789499998092651 65
1761510705379 1.799121618270874 66
1761510705865 1.8667151927947998 67
1761510706344 1.7248820066452026 68
1761510706848 1.7367420196533203 69
1761510707380 2.2113819122314453 70
1761510707860 2.1169378757476807 71
1761510708371 1.6635655164718628 72
1761510708957 1.72349214553833 73
1761510709460 1.7729194164276123 74
1761510709989 2.1931779384613037 75
1761510710485 2.3377139568328857 76
1761510710971 1.9167345762252808 77
1761510711454 1.9610919952392578 78
1761510711939 1.620730996131897 79
1761510712545 2.0727901458740234 80
1761510713075 1.8548411130905151 81
1761510713590 1.7212773561477661 82
1761510714090 1.7327877283096313 83
1761510714597 1.873461127281189 84
1761510715076 1.9436616897583008 85
1761510715550 1.6403642892837524 86
1761510716022 2.2355523109436035 87
1761510716496 2.055330753326416 88
1761510716970 2.1493165493011475 89
1761510717442 2.021545886993408 90
1761510717917 3.113025665283203 91
1761510718390 2.3067855834960938 92
1761510718864 2.0849809646606445 93
1761510719356 2.2707667350769043 94
1761510719860 2.2378599643707275 95
1761510720342 3.178544282913208 96
1761510720818 2.5523431301116943 97
1761510721297 2.206636667251587 98
1761510721783 2.080392837524414 99
1761510673044 1.0951006412506104 0
