1761380831365 0.34362417459487915 0
1761380832850 0.3400447368621826 1
1761380834280 0.3539149761199951 2
1761380835708 0.35212528705596924 3
1761380837163 0.3570469915866852 4
1761380838595 0.3445190191268921 5
1761380840048 0.3467561602592468 6
1761380841481 0.35749441385269165 7
1761380843074 0.34809842705726624 8
1761380844630 0.3606263995170593 9
1761380846012 0.35480985045433044 10
1761380847389 0.3525727093219757 11
1761380848769 0.36196866631507874 12
1761380850179 0.3570469915866852 13
1761380851595 0.36331096291542053 14
1761380853028 0.386129766702652 15
1761380854429 0.3749440610408783 16
1761380855813 0.3718120753765106 17
1761380857200 0.35883668065071106 18
1761380858673 0.3651006817817688 19
1761380860111 0.37718120217323303 20
1761380861537 0.39463087916374207 21
1761380862954 0.39239373803138733 22
1761380864349 0.38791945576667786 23
1761380865752 0.3941834568977356 24
1761380867270 0.39373600482940674 25
1761380868651 0.3731543719768524 26
1761380870026 0.3843400478363037 27
1761380871403 0.3928411602973938 28
1761380872787 0.39239373803138733 29
1761380874180 0.4053691327571869 30
1761380875647 0.39060401916503906 31
1761380877078 0.4013422727584839 32
1761380878473 0.3968680202960968 33
1761380879856 0.4067113995552063 34
1761380881245 0.38657718896865845 35
1761380882630 0.39373600482940674 36
1761380884022 0.39507830142974854 37
1761380885503 0.41700223088264465 38
1761380886967 0.39731544256210327 39
1761380888351 0.39776286482810974 40
1761380889731 0.42237135767936707 41
1761380891139 0.39507830142974854 42
1761380892513 0.38657718896865845 43
1761380893923 0.4080536961555481 44
1761380895346 0.41029083728790283 45
1761380896729 0.41700223088264465 46
1761380898187 0.4053691327571869 47
1761380899652 0.4013422727584839 48
1761380901162 0.42237135767936707 49
1761380831365 0.34362417459487915 0
