1761380831365 2.3817787170410156 0
1761380832850 2.131054162979126 1
1761380834280 1.9780662059783936 2
1761380835708 1.909745693206787 3
1761380837163 1.7874648571014404 4
1761380838595 1.7797271013259888 5
1761380840048 1.6887205839157104 6
1761380841481 1.6954349279403687 7
1761380843074 1.6017117500305176 8
1761380844630 1.49839448928833 9
1761380846012 1.4545361995697021 10
1761380847389 1.3758785724639893 11
1761380848769 1.3419407606124878 12
1761380850179 1.304887056350708 13
1761380851595 1.2827006578445435 14
1761380853028 1.2135658264160156 15
1761380854429 1.201560378074646 16
1761380855813 1.1693228483200073 17
1761380857200 1.166743516921997 18
1761380858673 1.1488770246505737 19
1761380860111 1.144783854484558 20
1761380861537 1.1254417896270752 21
1761380862954 1.110974907875061 22
1761380864349 1.1101155281066895 23
1761380865752 1.1075738668441772 24
1761380867270 1.1168962717056274 25
1761380868651 1.1120189428329468 26
1761380870026 1.1142239570617676 27
1761380871403 1.1052900552749634 28
1761380872787 1.117923617362976 29
1761380874180 1.0957527160644531 30
1761380875647 1.1032136678695679 31
1761380877078 1.1000665426254272 32
1761380878473 1.1040805578231812 33
1761380879856 1.0985532999038696 34
1761380881245 1.1072626113891602 35
1761380882630 1.0927377939224243 36
1761380884022 1.1081076860427856 37
1761380885503 1.0885192155838013 38
1761380886967 1.109676718711853 39
1761380888351 1.1038373708724976 40
1761380889731 1.075060486793518 41
1761380891139 1.1025933027267456 42
1761380892513 1.1114178895950317 43
1761380893923 1.090925931930542 44
1761380895346 1.093950629234314 45
1761380896729 1.090903639793396 46
1761380898187 1.1034467220306396 47
1761380899652 1.1017913818359375 48
1761380901162 1.0892120599746704 49
1761380831365 2.3817787170410156 0
