1761381655750 0.5928411483764648 0
1761381656333 0.6340044736862183 1
1761381656926 0.646532416343689 2
1761381657510 0.6496644020080566 3
1761381658083 0.6527964472770691 4
1761381658654 0.6523489952087402 5
1761381659221 0.6532438397407532 6
1761381659788 0.6541386842727661 7
1761381660354 0.6541386842727661 8
1761381660974 0.6568232774734497 9
1761381661544 0.6586129665374756 10
1761381662113 0.6586129665374756 11
1761381662678 0.6554809808731079 12
1761381663258 0.6541386842727661 13
1761381663833 0.6590604186058044 14
1761381664401 0.6559284329414368 15
1761381664968 0.6621924042701721 16
1761381665536 0.6577181220054626 17
1761381666104 0.6612975597381592 18
1761381666682 0.6617449522018433 19
1761381667243 0.6559284329414368 20
1761381667812 0.6657717823982239 21
1761381668376 0.6617449522018433 22
1761381668944 0.6621924042701721 23
1761381669505 0.653691291809082 24
1761381670071 0.6586129665374756 25
1761381670635 0.6554809808731079 26
1761381671212 0.6648769378662109 27
1761381671780 0.6595078110694885 28
1761381672346 0.6505593061447144 29
1761381672908 0.6554809808731079 30
1761381673475 0.6657717823982239 31
1761381674037 0.6510066986083984 32
1761381674603 0.6554809808731079 33
1761381675164 0.6608501076698303 34
1761381675732 0.6724832057952881 35
1761381676307 0.6604026556015015 36
1761381676883 0.6644295454025269 37
1761381677445 0.6559284329414368 38
1761381678006 0.6608501076698303 39
1761381678573 0.6666666865348816 40
1761381679138 0.6572706699371338 41
1761381679705 0.6644295454025269 42
1761381680271 0.6729306578636169 43
1761381680838 0.663982093334198 44
1761381681405 0.6599552631378174 45
1761381681974 0.673378050327301 46
1761381682540 0.6617449522018433 47
1761381683103 0.663982093334198 48
1761381683663 0.6608501076698303 49
1761381655750 0.5928411483764648 0
