1761381655750 0.9079304933547974 0
1761381656333 0.844310998916626 1
1761381656926 0.8211018443107605 2
1761381657510 0.8056759834289551 3
1761381658083 0.8045545220375061 4
1761381658654 0.8078050017356873 5
1761381659221 0.7995747923851013 6
1761381659788 0.7981730103492737 7
1761381660354 0.7972546219825745 8
1761381660974 0.7955403923988342 9
1761381661544 0.7961193323135376 10
1761381662113 0.7904713749885559 11
1761381662678 0.7875202894210815 12
1761381663258 0.7940177917480469 13
1761381663833 0.7875609397888184 14
1761381664401 0.7849709391593933 15
1761381664968 0.777459979057312 16
1761381665536 0.7861657738685608 17
1761381666104 0.7842751145362854 18
1761381666682 0.7893022298812866 19
1761381667243 0.7831577062606812 20
1761381667812 0.7800459265708923 21
1761381668376 0.7750294804573059 22
1761381668944 0.7792254686355591 23
1761381669505 0.7829381823539734 24
1761381670071 0.7782195210456848 25
1761381670635 0.7758681774139404 26
1761381671212 0.7719108462333679 27
1761381671780 0.7767273187637329 28
1761381672346 0.7812904715538025 29
1761381672908 0.7790446877479553 30
1761381673475 0.7724565267562866 31
1761381674037 0.7790287733078003 32
1761381674603 0.7785223722457886 33
1761381675164 0.7773924469947815 34
1761381675732 0.7741196155548096 35
1761381676307 0.7696288228034973 36
1761381676883 0.7716943621635437 37
1761381677445 0.7723060250282288 38
1761381678006 0.7727521061897278 39
1761381678573 0.7720916867256165 40
1761381679138 0.7689842581748962 41
1761381679705 0.7724036574363708 42
1761381680271 0.7723676562309265 43
1761381680838 0.7710304260253906 44
1761381681405 0.7678678035736084 45
1761381681974 0.7680217027664185 46
1761381682540 0.77058345079422 47
1761381683103 0.7701573967933655 48
1761381683663 0.7831330299377441 49
1761381655750 0.9079304933547974 0
