1761381689673 0.5105145573616028 0
1761381690830 0.5579418540000916 1
1761381691885 0.5812080502510071 2
1761381692910 0.5964205861091614 3
1761381693953 0.5785235166549683 4
1761381695002 0.6035794019699097 5
1761381696047 0.6035794019699097 6
1761381697105 0.6080536842346191 7
1761381698157 0.6143176555633545 8
1761381699182 0.6147651076316833 9
1761381700226 0.5982102751731873 10
1761381701271 0.6255033612251282 11
1761381702303 0.6201342344284058 12
1761381703336 0.618791937828064 13
1761381704363 0.6250559091567993 14
1761381705439 0.6255033612251282 15
1761381706467 0.6295301914215088 16
1761381707494 0.6210290789604187 17
1761381708519 0.6375839114189148 18
1761381709548 0.6402684450149536 19
1761381710600 0.6299776434898376 20
1761381711628 0.6174496412277222 21
1761381712652 0.6366890668869019 22
1761381713676 0.6290827989578247 23
1761381714714 0.6348993182182312 24
1761381715795 0.6429530382156372 25
1761381716815 0.6317673325538635 26
1761381717836 0.6496644020080566 27
1761381718861 0.6389261484146118 28
1761381719889 0.6411632895469666 29
1761381720935 0.6313199400901794 30
1761381721953 0.6304250359535217 31
1761381722981 0.6304250359535217 32
1761381724005 0.6434004306793213 33
1761381725031 0.6375839114189148 34
1761381726104 0.6380313038825989 35
1761381727121 0.6496644020080566 36
1761381728139 0.645637571811676 37
1761381729152 0.645637571811676 38
1761381730183 0.6375839114189148 39
1761381731224 0.6469798684120178 40
1761381732249 0.6487695574760437 41
1761381733265 0.6483221650123596 42
1761381734284 0.6380313038825989 43
1761381735347 0.6501118540763855 44
1761381736379 0.6496644020080566 45
1761381737398 0.6519015431404114 46
1761381738423 0.6371364593505859 47
1761381739450 0.6527964472770691 48
1761381740498 0.6451901793479919 49
1761381689673 0.5105145573616028 0
