1761381689673 1.134973168373108 0
1761381690830 1.0081615447998047 1
1761381691885 0.9830192923545837 2
1761381692910 0.9579312205314636 3
1761381693953 0.9645528793334961 4
1761381695002 0.930141031742096 5
1761381696047 0.9201815128326416 6
1761381697105 0.9090365767478943 7
1761381698157 0.8973146677017212 8
1761381699182 0.8915528655052185 9
1761381700226 0.905606746673584 10
1761381701271 0.8775205016136169 11
1761381702303 0.8786287307739258 12
1761381703336 0.8805403709411621 13
1761381704363 0.8787528276443481 14
1761381705439 0.8503846526145935 15
1761381706467 0.8630368709564209 16
1761381707494 0.8632956743240356 17
1761381708519 0.8459967970848083 18
1761381709548 0.8518895506858826 19
1761381710600 0.8449227213859558 20
1761381711628 0.8602240681648254 21
1761381712652 0.8466039896011353 22
1761381713676 0.8527069091796875 23
1761381714714 0.8418872356414795 24
1761381715795 0.8405470252037048 25
1761381716815 0.8472410440444946 26
1761381717836 0.8378180861473083 27
1761381718861 0.8309906721115112 28
1761381719889 0.8314728140830994 29
1761381720935 0.8506979942321777 30
1761381721953 0.8435797691345215 31
1761381722981 0.8327817320823669 32
1761381724005 0.8280261158943176 33
1761381725031 0.8360046744346619 34
1761381726104 0.8256860971450806 35
1761381727121 0.8271558880805969 36
1761381728139 0.8253481388092041 37
1761381729152 0.8202328085899353 38
1761381730183 0.8240638375282288 39
1761381731224 0.8314967155456543 40
1761381732249 0.8228117823600769 41
1761381733265 0.822049081325531 42
1761381734284 0.8203115463256836 43
1761381735347 0.8194851279258728 44
1761381736379 0.8158711791038513 45
1761381737398 0.8174257874488831 46
1761381738423 0.8330580592155457 47
1761381739450 0.822782576084137 48
1761381740498 0.8242088556289673 49
1761381689673 1.134973168373108 0
