1761380606638 0.35749441385269165 0
1761380607665 0.36331096291542053 1
1761380608692 0.3856823146343231 2
1761380609716 0.3718120753765106 3
1761380610742 0.38076063990592957 4
1761380611752 0.3736017942428589 5
1761380612772 0.3928411602973938 6
1761380613791 0.37986576557159424 7
1761380614799 0.4080536961555481 8
1761380615800 0.40626397728919983 9
1761380616819 0.38076063990592957 10
1761380617819 0.382102906703949 11
1761380618815 0.39328858256340027 12
1761380619816 0.3914988934993744 13
1761380620833 0.40626397728919983 14
1761380621830 0.39463087916374207 15
1761380622822 0.39776286482810974 16
1761380623816 0.4022371470928192 17
1761380624813 0.4035794138908386 18
1761380625819 0.4000000059604645 19
1761380626824 0.40626397728919983 20
1761380627819 0.395525723695755 21
1761380628840 0.39060401916503906 22
1761380629841 0.39507830142974854 23
1761380630842 0.39105144143104553 24
1761380632327 0.399552583694458 25
1761380633329 0.39731544256210327 26
1761380634346 0.4120805263519287 27
1761380635302 0.3959731459617615 28
1761380636269 0.4049217104911804 29
1761380637266 0.3982102870941162 30
1761380638248 0.39776286482810974 31
1761380639224 0.4053691327571869 32
1761380640176 0.4008948504924774 33
1761380641142 0.4035794138908386 34
1761380642134 0.40313199162483215 35
1761380643124 0.3941834568977356 36
1761380644113 0.39642056822776794 37
1761380645100 0.4040268361568451 38
1761380646085 0.40044742822647095 39
1761380647073 0.40178969502449036 40
1761380648055 0.40984341502189636 41
1761380649044 0.39776286482810974 42
1761380650038 0.40044742822647095 43
1761380651028 0.4187919497489929 44
1761380652030 0.4246084988117218 45
1761380653023 0.4076062738895416 46
1761380757698 0.4022371470928192 47
1761380758771 0.4120805263519287 48
1761380759913 0.40178969502449036 49
1761380606638 0.35749441385269165 0
