1761380606638 1.3918157815933228 0
1761380607665 1.294274091720581 1
1761380608692 1.2650682926177979 2
1761380609716 1.2254701852798462 3
1761380610742 1.2358914613723755 4
1761380611752 1.2094393968582153 5
1761380612772 1.1898305416107178 6
1761380613791 1.1834250688552856 7
1761380614799 1.1564420461654663 8
1761380615800 1.1528058052062988 9
1761380616819 1.1820400953292847 10
1761380617819 1.1573712825775146 11
1761380618815 1.1455188989639282 12
1761380619816 1.1542361974716187 13
1761380620833 1.1313894987106323 14
1761380621830 1.1290528774261475 15
1761380622822 1.1346485614776611 16
1761380623816 1.1217432022094727 17
1761380624813 1.1190199851989746 18
1761380625819 1.1180003881454468 19
1761380626824 1.1088320016860962 20
1761380627819 1.1206843852996826 21
1761380628840 1.1265583038330078 22
1761380629841 1.1140300035476685 23
1761380630842 1.113413691520691 24
1761380632327 1.1110219955444336 25
1761380633329 1.1069124937057495 26
1761380634346 1.0997589826583862 27
1761380635302 1.1118254661560059 28
1761380636269 1.1089026927947998 29
1761380637266 1.100430965423584 30
1761380638248 1.1020634174346924 31
1761380639224 1.1066356897354126 32
1761380640176 1.1017956733703613 33
1761380641142 1.1001628637313843 34
1761380642134 1.0957037210464478 35
1761380643124 1.1008964776992798 36
1761380644113 1.1095608472824097 37
1761380645100 1.0954309701919556 38
1761380646085 1.101628065109253 39
1761380647073 1.0988091230392456 40
1761380648055 1.093436360359192 41
1761380649044 1.0886648893356323 42
1761380650038 1.1014339923858643 43
1761380651028 1.0805439949035645 44
1761380652030 1.0844048261642456 45
1761380653023 1.0901691913604736 46
1761380757698 1.0838066339492798 47
1761380758771 1.1004935503005981 48
1761380759913 1.0867806673049927 49
1761380606638 1.3918157815933228 0
