1761380529619 0.33154362440109253 0
1761380530439 0.34899330139160156 1
1761380531233 0.35033556818962097 2
1761380532048 0.336017906665802 3
1761380532857 0.3579418361186981 4
1761380533662 0.3557046949863434 5
1761380534446 0.3579418361186981 6
1761380535228 0.3539149761199951 7
1761380536016 0.3418344557285309 8
1761380536804 0.34630873799324036 9
1761380537585 0.3722594976425171 10
1761380538370 0.3525727093219757 11
1761380539150 0.36017897725105286 12
1761380539933 0.3387024700641632 13
1761380540732 0.3709172308444977 14
1761380541511 0.3624161183834076 15
1761380542291 0.35883668065071106 16
1761380543073 0.33557048439979553 17
1761380543852 0.37002235651016235 18
1761380544635 0.3610738217830658 19
1761380545414 0.36599552631378174 20
1761380546187 0.38120806217193604 21
1761380546962 0.3704698085784912 22
1761380547733 0.36196866631507874 23
1761380548507 0.3843400478363037 24
1761380549289 0.382102906703949 25
1761380550082 0.38255032896995544 26
1761380550859 0.40894854068756104 27
1761380551641 0.3901565968990326 28
1761380552419 0.4026845693588257 29
1761380553197 0.4053691327571869 30
1761380553974 0.3901565968990326 31
1761380554770 0.39239373803138733 32
1761380555549 0.4040268361568451 33
1761380556325 0.3856823146343231 34
1761380557101 0.386129766702652 35
1761380557875 0.3722594976425171 36
1761380558645 0.3856823146343231 37
1761380559418 0.38255032896995544 38
1761380560193 0.39373600482940674 39
1761380560968 0.38120806217193604 40
1761380561746 0.3856823146343231 41
1761380562534 0.4049217104911804 42
1761380563317 0.3941834568977356 43
1761380564095 0.386129766702652 44
1761380564877 0.37986576557159424 45
1761380565661 0.40894854068756104 46
1761380566440 0.39463087916374207 47
1761380567227 0.40044742822647095 48
1761380568015 0.38255032896995544 49
1761380529619 0.33154362440109253 0
