1761380529619 1.9317857027053833 0
1761380530439 1.7637691497802734 1
1761380531233 1.6936445236206055 2
1761380532048 1.707410216331482 3
1761380532857 1.6180431842803955 4
1761380533662 1.5639991760253906 5
1761380534446 1.5848556756973267 6
1761380535228 1.5629605054855347 7
1761380536016 1.4925813674926758 8
1761380536804 1.4813313484191895 9
1761380537585 1.3804997205734253 10
1761380538370 1.337141752243042 11
1761380539150 1.3313692808151245 12
1761380539933 1.330906867980957 13
1761380540732 1.2490758895874023 14
1761380541511 1.2361677885055542 15
1761380542291 1.2161248922348022 16
1761380543073 1.1971157789230347 17
1761380543852 1.1482096910476685 18
1761380544635 1.1500898599624634 19
1761380545414 1.1366630792617798 20
1761380546187 1.119996428489685 21
1761380546962 1.1179965734481812 22
1761380547733 1.1171982288360596 23
1761380548507 1.1076350212097168 24
1761380549289 1.1037684679031372 25
1761380550082 1.0955164432525635 26
1761380550859 1.0936180353164673 27
1761380551641 1.0963633060455322 28
1761380552419 1.0889575481414795 29
1761380553197 1.0869029760360718 30
1761380553974 1.094662070274353 31
1761380554770 1.0896989107131958 32
1761380555549 1.0907716751098633 33
1761380556325 1.0898157358169556 34
1761380557101 1.092889666557312 35
1761380557875 1.0920039415359497 36
1761380558645 1.0940817594528198 37
1761380559418 1.0914214849472046 38
1761380560193 1.0872893333435059 39
1761380560968 1.0881409645080566 40
1761380561746 1.088461995124817 41
1761380562534 1.083419680595398 42
1761380563317 1.0869265794754028 43
1761380564095 1.0920554399490356 44
1761380564877 1.0968908071517944 45
1761380565661 1.0855634212493896 46
1761380566440 1.0911872386932373 47
1761380567227 1.0837355852127075 48
1761380568015 1.097408652305603 49
1761380529619 1.9317857027053833 0
