1761438675371 0.4359550476074219 0
1761438675932 0.5020224452018738 1
1761438676470 0.5680899024009705 2
1761438677033 0.6606741547584534 3
1761438677591 0.7213482856750488 4
1761438678183 0.8062921166419983 5
1761438678734 0.8053932785987854 6
1761438679284 0.8557303547859192 7
1761438679830 0.8683146238327026 8
1761438680363 0.8642696738243103 9
1761438680908 0.8925842642784119 10
1761438681468 0.9191011190414429 11
1761438682012 0.9119101166725159 12
1761438682543 0.9141573309898376 13
1761438683126 0.9141573309898376 14
1761438683700 0.9186517000198364 15
1761438684314 0.9510112404823303 16
1761438684862 0.9101123809814453 17
1761438685394 0.9249438047409058 18
1761438685933 0.9334831237792969 19
1761438686474 0.9307864904403687 20
1761438687008 0.9231460690498352 21
1761438687561 0.9235954880714417 22
1761438688106 0.9546067118644714 23
1761438688650 0.9384269714355469 24
1761438689193 0.9483146071434021 25
1761438689811 0.9433707594871521 26
1761438690344 0.9514606595039368 27
1761438690871 0.9510112404823303 28
1761438691400 0.9415730237960815 29
1761438691944 0.9555056095123291 30
1761438692479 0.9343820214271545 31
1761438693009 0.9388763904571533 32
1761438693535 0.9617977738380432 33
1761438694063 0.9528089761734009 34
1761438694610 0.9375280737876892 35
1761438695153 0.9604494571685791 36
1761438695690 0.9361797571182251 37
1761438696268 0.9424719214439392 38
1761438696819 0.9384269714355469 39
1761438697386 0.9496629238128662 40
1761438698008 0.9438202381134033 41
1761438698609 0.9312359690666199 42
1761438699184 0.9226966500282288 43
1761438699789 0.9483146071434021 44
1761438700349 0.9182022213935852 45
1761438700889 0.9532584547996521 46
1761438701416 0.9546067118644714 47
1761438701948 0.9370786547660828 48
1761438702487 0.9370786547660828 49
1761438675371 0.4359550476074219 0
