1761438675371 1.0840660333633423 0
1761438675932 1.0150811672210693 1
1761438676470 0.9422736167907715 2
1761438677033 0.8071887493133545 3
1761438677591 0.6474342942237854 4
1761438678183 0.5081703662872314 5
1761438678734 0.45109301805496216 6
1761438679284 0.367722749710083 7
1761438679830 0.3333972990512848 8
1761438680363 0.32767438888549805 9
1761438680908 0.272183358669281 10
1761438681468 0.21846237778663635 11
1761438682012 0.21538878977298737 12
1761438682543 0.21600016951560974 13
1761438683126 0.20415180921554565 14
1761438683700 0.20180024206638336 15
1761438684314 0.15069936215877533 16
1761438684862 0.21972143650054932 17
1761438685394 0.17523591220378876 18
1761438685933 0.1595522165298462 19
1761438686474 0.1656121462583542 20
1761438687008 0.18197456002235413 21
1761438687561 0.19549138844013214 22
1761438688106 0.11931997537612915 23
1761438688650 0.1483888179063797 24
1761438689193 0.12939853966236115 25
1761438689811 0.12675264477729797 26
1761438690344 0.11887414008378983 27
1761438690871 0.12257862091064453 28
1761438691400 0.1485682874917984 29
1761438691944 0.11743701994419098 30
1761438692479 0.18699055910110474 31
1761438693009 0.1529598981142044 32
1761438693535 0.08871248364448547 33
1761438694063 0.12471265345811844 34
1761438694610 0.14317183196544647 35
1761438695153 0.0990922749042511 36
1761438695690 0.16744190454483032 37
1761438696268 0.1538463979959488 38
1761438696819 0.16011667251586914 39
1761438697386 0.126337930560112 40
1761438698008 0.15570899844169617 41
1761438698609 0.21265310049057007 42
1761438699184 0.21797111630439758 43
1761438699789 0.1378687620162964 44
1761438700349 0.25350385904312134 45
1761438700889 0.1342250406742096 46
1761438701416 0.11051394790410995 47
1761438701948 0.18438269197940826 48
1761438702487 0.19468823075294495 49
1761438675371 1.0840660333633423 0
