1761438007519 0.37986576557159424 0
1761438008014 0.41834452748298645 1
1761438008498 0.43892616033554077 2
1761438008976 0.4478747248649597 3
1761438009456 0.45279642939567566 4
1761438009934 0.4492169916629791 5
1761438010409 0.46263980865478516 6
1761438010888 0.45458611845970154 7
1761438011369 0.45592841506004333 8
1761438011850 0.4604026973247528 9
1761438012334 0.46129754185676575 10
1761438012812 0.4617449641227722 11
1761438013292 0.4621923863887787 12
1761438013771 0.4604026973247528 13
1761438014246 0.46666666865348816 14
1761438014725 0.4617449641227722 15
1761438015207 0.46532437205314636 16
1761438015681 0.46398210525512695 17
1761438016159 0.45413869619369507 18
1761438016671 0.4644295275211334 19
1761438017213 0.46532437205314636 20
1761438017772 0.47337806224823 21
1761438018296 0.4729306399822235 22
1761438018807 0.46666666865348816 23
1761438019308 0.46666666865348816 24
1761438019808 0.4706934988498688 25
1761438020298 0.4729306399822235 26
1761438020791 0.4702460765838623 27
1761438021290 0.463087260723114 28
1761438021782 0.4657718241214752 29
1761438022285 0.477404922246933 30
1761438022862 0.46935123205184937 31
1761438023347 0.4684563875198364 32
1761438023830 0.4644295275211334 33
1761438024314 0.4706934988498688 34
1761438024825 0.4702460765838623 35
1761438025357 0.4675615131855011 36
1761438025855 0.4756152033805847 37
1761438026391 0.4662192463874817 38
1761438026903 0.47919464111328125 39
1761438027402 0.47337806224823 40
1761438027902 0.4760626256465912 41
1761438028390 0.47248321771621704 42
1761438028879 0.4702460765838623 43
1761438029366 0.47114095091819763 44
1761438029856 0.46979865431785583 45
1761438030345 0.4782997667789459 46
1761438030828 0.4814317524433136 47
1761438031309 0.4729306399822235 48
1761438031788 0.4729306399822235 49
1761438007519 0.37986576557159424 0
