1761438007519 1.1006466150283813 0
1761438008014 1.0722856521606445 1
1761438008498 1.0653859376907349 2
1761438008976 1.0589052438735962 3
1761438009456 1.0574315786361694 4
1761438009934 1.0539458990097046 5
1761438010409 1.0531373023986816 6
1761438010888 1.0517163276672363 7
1761438011369 1.0516539812088013 8
1761438011850 1.0493650436401367 9
1761438012334 1.0484778881072998 10
1761438012812 1.0481687784194946 11
1761438013292 1.0458112955093384 12
1761438013771 1.0473772287368774 13
1761438014246 1.0440524816513062 14
1761438014725 1.0429067611694336 15
1761438015207 1.0477595329284668 16
1761438015681 1.0405672788619995 17
1761438016159 1.043283462524414 18
1761438016671 1.0407843589782715 19
1761438017213 1.0421823263168335 20
1761438017772 1.0393491983413696 21
1761438018296 1.0396827459335327 22
1761438018807 1.0402896404266357 23
1761438019308 1.038623332977295 24
1761438019808 1.0388439893722534 25
1761438020298 1.0360760688781738 26
1761438020791 1.0391327142715454 27
1761438021290 1.044237494468689 28
1761438021782 1.0373585224151611 29
1761438022285 1.037095546722412 30
1761438022862 1.0397655963897705 31
1761438023347 1.0413419008255005 32
1761438023830 1.039552092552185 33
1761438024314 1.0369223356246948 34
1761438024825 1.0379576683044434 35
1761438025357 1.0351660251617432 36
1761438025855 1.0327345132827759 37
1761438026391 1.0369418859481812 38
1761438026903 1.0319780111312866 39
1761438027402 1.0365099906921387 40
1761438027902 1.031959891319275 41
1761438028390 1.0313546657562256 42
1761438028879 1.0328775644302368 43
1761438029366 1.0325183868408203 44
1761438029856 1.0301774740219116 45
1761438030345 1.029471516609192 46
1761438030828 1.0303122997283936 47
1761438031309 1.0303947925567627 48
1761438031788 1.031176209449768 49
1761438007519 1.1006466150283813 0
