1761381610993 0.44608500599861145 0
1761381611840 0.4993288516998291 1
1761381612672 0.5140939354896545 2
1761381613527 0.5279642343521118 3
1761381614357 0.5217002034187317 4
1761381615165 0.5270693302154541 5
1761381615987 0.5319910645484924 6
1761381616794 0.5472036004066467 7
1761381617592 0.5387024879455566 8
1761381618390 0.5574944019317627 9
1761381619198 0.5534675717353821 10
1761381619997 0.5561521053314209 11
1761381620796 0.5731543898582458 12
1761381621598 0.5516778230667114 13
1761381622399 0.5736017823219299 14
1761381623198 0.5789709091186523 15
1761381623996 0.599552571773529 16
1761381624799 0.5955257415771484 17
1761381625602 0.5982102751731873 18
1761381626396 0.6120805144309998 19
1761381627198 0.6326621770858765 20
1761381627997 0.6174496412277222 21
1761381628794 0.6196867823600769 22
1761381629601 0.6295301914215088 23
1761381630396 0.6263982057571411 24
1761381631202 0.6228187680244446 25
1761381632019 0.6340044736862183 26
1761381632826 0.628187894821167 27
1761381633629 0.6353467702865601 28
1761381634433 0.6442952752113342 29
1761381635229 0.6366890668869019 30
1761381636053 0.6331096291542053 31
1761381636845 0.6304250359535217 32
1761381637651 0.6263982057571411 33
1761381638439 0.6380313038825989 34
1761381639241 0.6478747129440308 35
1761381640040 0.6286353468894958 36
1761381640836 0.6380313038825989 37
1761381641636 0.6420581936836243 38
1761381642453 0.6255033612251282 39
1761381643251 0.6447427272796631 40
1761381644044 0.6393736004829407 41
1761381644838 0.6407158970832825 42
1761381645633 0.6340044736862183 43
1761381646423 0.6326621770858765 44
1761381647219 0.646532416343689 45
1761381648009 0.6317673325538635 46
1761381648805 0.6304250359535217 47
1761381649607 0.6353467702865601 48
1761381650425 0.6393736004829407 49
1761381610993 0.44608500599861145 0
