1761381610993 1.6169296503067017 0
1761381611840 1.3742254972457886 1
1761381612672 1.3175015449523926 2
1761381613527 1.2851779460906982 3
1761381614357 1.227744460105896 4
1761381615165 1.255953311920166 5
1761381615987 1.1995395421981812 6
1761381616794 1.1695705652236938 7
1761381617592 1.1751751899719238 8
1761381618390 1.1269433498382568 9
1761381619198 1.116074800491333 10
1761381619997 1.0826033353805542 11
1761381620796 1.0296026468276978 12
1761381621598 1.049422264099121 13
1761381622399 1.0073339939117432 14
1761381623198 0.9770655035972595 15
1761381623996 0.9141372442245483 16
1761381624799 0.9501244425773621 17
1761381625602 0.9154989719390869 18
1761381626396 0.898919939994812 19
1761381627198 0.8851137757301331 20
1761381627997 0.8857026696205139 21
1761381628794 0.8796778917312622 22
1761381629601 0.8687438368797302 23
1761381630396 0.8679596781730652 24
1761381631202 0.865474283695221 25
1761381632019 0.8535013794898987 26
1761381632826 0.8608906269073486 27
1761381633629 0.8546087145805359 28
1761381634433 0.8544703125953674 29
1761381635229 0.8539729118347168 30
1761381636053 0.8639101982116699 31
1761381636845 0.8558260202407837 32
1761381637651 0.8635507822036743 33
1761381638439 0.8518774509429932 34
1761381639241 0.835568368434906 35
1761381640040 0.8478355407714844 36
1761381640836 0.8590927720069885 37
1761381641636 0.8510801196098328 38
1761381642453 0.8605034947395325 39
1761381643251 0.8436231017112732 40
1761381644044 0.8459781408309937 41
1761381644838 0.8655937314033508 42
1761381645633 0.8532696962356567 43
1761381646423 0.8665856122970581 44
1761381647219 0.8556232452392578 45
1761381648009 0.8636758327484131 46
1761381648805 0.874887228012085 47
1761381649607 0.8590808510780334 48
1761381650425 0.8626794219017029 49
1761381610993 1.6169296503067017 0
