1761513013110 0.37852349877357483 0
1761513013849 0.3982102870941162 1
1761513014743 0.4192393720149994 2
1761513015610 0.4035794138908386 3
1761513016481 0.40894854068756104 4
1761513017348 0.40894854068756104 5
1761513018248 0.4357941746711731 6
1761513019111 0.41565996408462524 7
1761513019826 0.42371365427970886 8
1761513020325 0.42953020334243774 9
1761513020826 0.42684563994407654 10
1761513021345 0.43803131580352783 11
1761513021831 0.4442952871322632 12
1761513022308 0.4451901614665985 13
1761513022805 0.45145413279533386 14
1761513023302 0.45413869619369507 15
1761513023808 0.45861297845840454 16
1761513024316 0.4702460765838623 17
1761513024808 0.4621923863887787 18
1761513025304 0.4769574999809265 19
1761513025800 0.48053690791130066 20
1761513026334 0.4926174581050873 21
1761513026843 0.49574944376945496 22
1761513027345 0.4993288516998291 23
1761513027870 0.49977627396583557 24
1761513028369 0.49709171056747437 25
1761513028855 0.5140939354896545 26
1761513029343 0.52662193775177 27
1761513029835 0.5212528109550476 28
1761513030342 0.5257270932197571 29
1761513030850 0.5418344736099243 30
1761513031408 0.5355704426765442 31
1761513031902 0.5534675717353821 32
1761513032387 0.5418344736099243 33
1761513032931 0.5525727272033691 34
1761513033419 0.5516778230667114 35
1761513033904 0.5700223445892334 36
1761513034517 0.563310980796814 37
1761513035019 0.563310980796814 38
1761513035536 0.5870246291160583 39
1761513036030 0.5785235166549683 40
1761513036517 0.58210289478302 41
1761513037003 0.5906040072441101 42
1761513037525 0.5946308970451355 43
1761513038010 0.6058165431022644 44
1761513038508 0.609843373298645 45
1761513039011 0.6120805144309998 46
1761513039509 0.627293050289154 47
1761513040005 0.6286353468894958 48
1761513040507 0.6322147846221924 49
1761513040994 0.6348993182182312 50
1761513041486 0.6357941627502441 51
1761513041976 0.6492170095443726 52
1761513042461 0.6442952752113342 53
1761513042950 0.654586136341095 54
1761513043436 0.6693512201309204 55
1761513043934 0.6711409687995911 56
1761513044430 0.6706935167312622 57
1761513044917 0.6774049401283264 58
1761513045402 0.6881431937217712 59
1761513045889 0.6930648684501648 60
1761513046383 0.7046979665756226 61
1761513046884 0.7046979665756226 62
1761513047371 0.7038031220436096 63
1761513047857 0.7194631099700928 64
1761513048343 0.7176733613014221 65
1761513048826 0.7158836722373962 66
1761513049311 0.7163311243057251 67
1761513049793 0.7167785167694092 68
1761513050276 0.7284116148948669 69
1761513050764 0.7378076314926147 70
1761513051264 0.7391498684883118 71
1761513051749 0.7431767582893372 72
1761513052249 0.7498881220817566 73
1761513052746 0.7543624043464661 74
1761513053246 0.7548098564147949 75
1761513053740 0.7503355741500854 76
1761513054241 0.7628635168075562 77
1761513054735 0.7668904066085815 78
1761513055255 0.7637583613395691 79
1761513055756 0.7668904066085815 80
1761513056285 0.7740492224693298 81
1761513056784 0.7682326436042786 82
1761513057288 0.7879194617271423 83
1761513057778 0.7834451794624329 84
1761513058287 0.7973154187202454 85
1761513058777 0.791946291923523 86
1761513059281 0.8008948564529419 87
1761513059799 0.7959731817245483 88
1761513060303 0.8008948564529419 89
1761513060817 0.800000011920929 90
1761513061348 0.8017897009849548 91
1761513061834 0.8031319975852966 92
1761513062344 0.8111856579780579 93
1761513062871 0.8161073923110962 94
1761513063362 0.8223713636398315 95
1761513063870 0.8183445334434509 96
1761513064401 0.8223713636398315 97
1761513064895 0.8205816745758057 98
1761513065380 0.817449688911438 99
1761513013110 0.37852349877357483 0
