1761513013110 1.1278462409973145 0
1761513013849 1.1005973815917969 1
1761513014743 1.0871946811676025 2
1761513015610 1.08647882938385 3
1761513016481 1.0816586017608643 4
1761513017348 1.0767886638641357 5
1761513018248 1.069048285484314 6
1761513019111 1.072739839553833 7
1761513019826 1.0668455362319946 8
1761513020325 1.0645489692687988 9
1761513020826 1.0589051246643066 10
1761513021345 1.0579901933670044 11
1761513021831 1.0558760166168213 12
1761513022308 1.0523326396942139 13
1761513022805 1.0478044748306274 14
1761513023302 1.046064853668213 15
1761513023808 1.038975477218628 16
1761513024316 1.0337477922439575 17
1761513024808 1.0279823541641235 18
1761513025304 1.0206315517425537 19
1761513025800 1.0185216665267944 20
1761513026334 1.0102736949920654 21
1761513026843 1.0044445991516113 22
1761513027345 0.9990456104278564 23
1761513027870 0.9902646541595459 24
1761513028369 0.9929502010345459 25
1761513028855 0.9769272208213806 26
1761513029343 0.9743004441261292 27
1761513029835 0.9681000709533691 28
1761513030342 0.9559929966926575 29
1761513030850 0.9483910799026489 30
1761513031408 0.9472694396972656 31
1761513031902 0.933535635471344 32
1761513032387 0.9277170300483704 33
1761513032931 0.9257822036743164 34
1761513033419 0.9161909818649292 35
1761513033904 0.909712016582489 36
1761513034517 0.9052193760871887 37
1761513035019 0.894691526889801 38
1761513035536 0.8839658498764038 39
1761513036030 0.8726601600646973 40
1761513036517 0.8739350438117981 41
1761513037003 0.8613136410713196 42
1761513037525 0.8508520722389221 43
1761513038010 0.8398600220680237 44
1761513038508 0.8361719846725464 45
1761513039011 0.8303292989730835 46
1761513039509 0.8183853626251221 47
1761513040005 0.8168798685073853 48
1761513040507 0.8066510558128357 49
1761513040994 0.7931120991706848 50
1761513041486 0.7966468930244446 51
1761513041976 0.7785359025001526 52
1761513042461 0.776947021484375 53
1761513042950 0.7659282088279724 54
1761513043436 0.7514182925224304 55
1761513043934 0.748689591884613 56
1761513044430 0.744890034198761 57
1761513044917 0.7398979663848877 58
1761513045402 0.7229553461074829 59
1761513045889 0.7179601192474365 60
1761513046383 0.704757809638977 61
1761513046884 0.7066822052001953 62
1761513047371 0.6935750246047974 63
1761513047857 0.6824591159820557 64
1761513048343 0.6818674802780151 65
1761513048826 0.6710176467895508 66
1761513049311 0.6632798910140991 67
1761513049793 0.6524253487586975 68
1761513050276 0.6510194540023804 69
1761513050764 0.6381284594535828 70
1761513051264 0.6359881162643433 71
1761513051749 0.6251237392425537 72
1761513052249 0.6178611516952515 73
1761513052746 0.6111534237861633 74
1761513053246 0.6023774147033691 75
1761513053740 0.6043634414672852 76
1761513054241 0.5893953442573547 77
1761513054735 0.5818803906440735 78
1761513055255 0.5795474052429199 79
1761513055756 0.5710676908493042 80
1761513056285 0.566234827041626 81
1761513056784 0.5581854581832886 82
1761513057288 0.5469794869422913 83
1761513057778 0.5392392873764038 84
1761513058287 0.5332393646240234 85
1761513058777 0.5261569023132324 86
1761513059281 0.5176002383232117 87
1761513059799 0.5183876752853394 88
1761513060303 0.5062557458877563 89
1761513060817 0.5084488987922668 90
1761513061348 0.5022658109664917 91
1761513061834 0.4976257085800171 92
1761513062344 0.4875197112560272 93
1761513062871 0.47740504145622253 94
1761513063362 0.4701937139034271 95
1761513063870 0.46772536635398865 96
1761513064401 0.46575072407722473 97
1761513064895 0.4562131464481354 98
1761513065380 0.46266570687294006 99
1761513013110 1.1278462409973145 0
