1761438646238 0.46112358570098877 0
1761438646745 0.5600000023841858 1
1761438647235 0.6534831523895264 2
1761438647731 0.7204494476318359 3
1761438648227 0.7730336785316467 4
1761438648754 0.8188763856887817 5
1761438649251 0.872359573841095 6
1761438649729 0.886741578578949 7
1761438650244 0.91325843334198 8
1761438650808 0.879550576210022 9
1761438651287 0.9123595356941223 10
1761438651773 0.9339326024055481 11
1761438652275 0.9478651881217957 12
1761438652824 0.9271910190582275 13
1761438653306 0.9483146071434021 14
1761438653784 0.9433707594871521 15
1761438654266 0.9510112404823303 16
1761438654742 0.9532584547996521 17
1761438655223 0.9626966118812561 18
1761438655700 0.9411236047744751 19
1761438656185 0.9573033452033997 20
1761438656661 0.9487640261650085 21
1761438657138 0.9496629238128662 22
1761438657612 0.9577528238296509 23
1761438658096 0.9406741857528687 24
1761438658567 0.9640449285507202 25
1761438659055 0.9604494571685791 26
1761438659538 0.9564045071601868 27
1761438660017 0.9752808809280396 28
1761438660491 0.9680898785591125 29
1761438660965 0.9577528238296509 30
1761438661449 0.966292142868042 31
1761438661921 0.9546067118644714 32
1761438662399 0.9694381952285767 33
1761438662869 0.9577528238296509 34
1761438663342 0.9671910405158997 35
1761438663814 0.9595505595207214 36
1761438664288 0.9582022428512573 37
1761438664756 0.9537078738212585 38
1761438665225 0.9537078738212585 39
1761438665699 0.9465168714523315 40
1761438666169 0.9393258690834045 41
1761438666651 0.9550561904907227 42
1761438667141 0.9505618214607239 43
1761438667618 0.951910138130188 44
1761438668093 0.9707865118980408 45
1761438668571 0.973483145236969 46
1761438669045 0.9712359309196472 47
1761438669522 0.9573033452033997 48
1761438669995 0.9689887762069702 49
1761438646238 0.46112358570098877 0
