1761438646238 1.0646309852600098 0
1761438646745 0.9649848341941833 1
1761438647235 0.8447545170783997 2
1761438647731 0.6990118622779846 3
1761438648227 0.5728502869606018 4
1761438648754 0.47193747758865356 5
1761438649251 0.38307368755340576 6
1761438649729 0.3335617780685425 7
1761438650244 0.2827853858470917 8
1761438650808 0.2937549352645874 9
1761438651287 0.23663099110126495 10
1761438651773 0.21094410121440887 11
1761438652275 0.18793030083179474 12
1761438652824 0.19665701687335968 13
1761438653306 0.16579361259937286 14
1761438653784 0.1581021398305893 15
1761438654266 0.14545300602912903 16
1761438654742 0.13959631323814392 17
1761438655223 0.12255924195051193 18
1761438655700 0.14239495992660522 19
1761438656185 0.12041447311639786 20
1761438656661 0.14558853209018707 21
1761438657138 0.12538067996501923 22
1761438657612 0.10982248932123184 23
1761438658096 0.1312716007232666 24
1761438658567 0.09922432154417038 25
1761438659055 0.09755470603704453 26
1761438659538 0.10716333240270615 27
1761438660017 0.07861936837434769 28
1761438660491 0.09520386904478073 29
1761438660965 0.10629239678382874 30
1761438661449 0.08230474591255188 31
1761438661921 0.11228816956281662 32
1761438662399 0.0837283730506897 33
1761438662869 0.10192961245775223 34
1761438663342 0.08088643103837967 35
1761438663814 0.09590986371040344 36
1761438664288 0.09683802723884583 37
1761438664756 0.1078283041715622 38
1761438665225 0.10993314534425735 39
1761438665699 0.13653342425823212 40
1761438666169 0.1569300889968872 41
1761438666651 0.12055883556604385 42
1761438667141 0.11182421445846558 43
1761438667618 0.11504092812538147 44
1761438668093 0.07721077650785446 45
1761438668571 0.06877432018518448 46
1761438669045 0.07140044122934341 47
1761438669522 0.09938610345125198 48
1761438669995 0.07910367846488953 49
1761438646238 1.0646309852600098 0
