1761513350611 0.38523489236831665 0
1761513351252 0.4187919497489929 1
1761513351871 0.4353467524051666 2
1761513352487 0.44026845693588257 3
1761513353093 0.4438478648662567 4
1761513353716 0.4662192463874817 5
1761513354316 0.4451901614665985 6
1761513354924 0.48724833130836487 7
1761513355530 0.4827740490436554 8
1761513356137 0.4782997667789459 9
1761513356742 0.48501119017601013 10
1761513357352 0.5055928230285645 11
1761513357961 0.49843400716781616 12
1761513358565 0.5167785286903381 13
1761513359170 0.5087248086929321 14
1761513359787 0.5114094018936157 15
1761513360394 0.5293064713478088 16
1761513360999 0.5395973324775696 17
1761513361606 0.5346755981445312 18
1761513362210 0.5512304306030273 19
1761513362817 0.544966459274292 20
1761513363433 0.5709172487258911 21
1761513364039 0.5731543898582458 22
1761513364651 0.5753914713859558 23
1761513365257 0.5744966268539429 24
1761513365870 0.5874720215797424 25
1761513366473 0.6017897129058838 26
1761513367100 0.609843373298645 27
1761513367703 0.6076062917709351 28
1761513368309 0.6067113876342773 29
1761513368946 0.6340044736862183 30
1761513369592 0.6331096291542053 31
1761513370210 0.6380313038825989 32
1761513370841 0.6527964472770691 33
1761513371489 0.663982093334198 34
1761513372227 0.6689038276672363 35
1761513373130 0.6876957416534424 36
1761513373751 0.6957494616508484 37
1761513374405 0.7140939831733704 38
1761513375059 0.7212527990341187 39
1761513375690 0.7123042345046997 40
1761513376341 0.7243847846984863 41
1761513377035 0.7503355741500854 42
1761513377659 0.7404921650886536 43
1761513378309 0.7557047009468079 44
1761513378945 0.7677852511405945 45
1761513379603 0.7740492224693298 46
1761513380259 0.7785235047340393 47
1761513380878 0.7950782775878906 48
1761513381486 0.8062639832496643 49
1761513382112 0.8165547847747803 50
1761513382733 0.8201342225074768 51
1761513383348 0.8116331100463867 52
1761513384025 0.8465324640274048 53
1761513384738 0.8434004187583923 54
1761513385393 0.8541387319564819 55
1761513386073 0.8590604066848755 56
1761513386776 0.8671140670776367 57
1761513387890 0.8733780980110168 58
1761513389382 0.8787472248077393 59
1761513390327 0.882326602935791 60
1761513391133 0.8979865908622742 61
1761513391813 0.9082773923873901 62
1761513392524 0.9149888157844543 63
1761513393337 0.9203579425811768 64
1761513393979 0.9158836603164673 65
1761513394607 0.9225950837135315 66
1761513395234 0.9315436482429504 67
1761513395894 0.9431767463684082 68
1761513396519 0.9476510286331177 69
1761513397293 0.9489932656288147 70
1761513398068 0.9530201554298401 71
1761513398681 0.9521252512931824 72
1761513399284 0.9615212678909302 73
1761513400008 0.9615212678909302 74
1761513401192 0.9686800837516785 75
1761513402211 0.9592841267585754 76
1761513402872 0.9727069139480591 77
1761513403563 0.9713646769523621 78
1761513404362 0.972259521484375 79
1761513405059 0.9803131818771362 80
1761513405695 0.9731543660163879 81
1761513406316 0.9807606339454651 82
1761513406941 0.9798657894134521 83
1761513407552 0.9780760407447815 84
1761513408154 0.9776286482810974 85
1761513408763 0.9901565909385681 86
1761513409477 0.9834451675415039 87
1761513410168 0.982550323009491 88
1761513410835 0.9874720573425293 89
1761513411483 0.9888142943382263 90
1761513412187 0.9870246052742004 91
1761513412856 0.9803131818771362 92
1761513413503 0.9870246052742004 93
1761513414121 0.9847874641418457 94
1761513415009 0.9874720573425293 95
1761513415693 0.9964205622673035 96
1761513416365 0.9973154067993164 97
1761513417135 0.9937360286712646 98
1761513417785 0.9964205622673035 99
1761513350611 0.38523489236831665 0
