1761513350611 1.101787805557251 0
1761513351252 1.0707048177719116 1
1761513351871 1.0663986206054688 2
1761513352487 1.05568528175354 3
1761513353093 1.0541889667510986 4
1761513353716 1.038538932800293 5
1761513354316 1.03535795211792 6
1761513354924 1.0174410343170166 7
1761513355530 1.0145342350006104 8
1761513356137 1.0090525150299072 9
1761513356742 1.0037511587142944 10
1761513357352 0.9872073531150818 11
1761513357961 0.9852403402328491 12
1761513358565 0.9689670205116272 13
1761513359170 0.9766902923583984 14
1761513359787 0.9591222405433655 15
1761513360394 0.9549391865730286 16
1761513360999 0.9348008036613464 17
1761513361606 0.9368245005607605 18
1761513362210 0.9320916533470154 19
1761513362817 0.925770103931427 20
1761513363433 0.9013757705688477 21
1761513364039 0.8888325691223145 22
1761513364651 0.8865898251533508 23
1761513365257 0.8781355023384094 24
1761513365870 0.8670302033424377 25
1761513366473 0.8623878359794617 26
1761513367100 0.8494738936424255 27
1761513367703 0.8433136940002441 28
1761513368309 0.8156183958053589 29
1761513368946 0.799537181854248 30
1761513369592 0.8006681799888611 31
1761513370210 0.7860864400863647 32
1761513370841 0.7683382034301758 33
1761513371489 0.7556578516960144 34
1761513372227 0.7275915145874023 35
1761513373130 0.7050458192825317 36
1761513373751 0.6928653717041016 37
1761513374405 0.6753225326538086 38
1761513375059 0.6521462798118591 39
1761513375690 0.6572093367576599 40
1761513376341 0.6338383555412292 41
1761513377035 0.5858373045921326 42
1761513377659 0.5926268696784973 43
1761513378309 0.5774599313735962 44
1761513378945 0.5456570982933044 45
1761513379603 0.5336042046546936 46
1761513380259 0.5243445634841919 47
1761513380878 0.4934844374656677 48
1761513381486 0.4769786298274994 49
1761513382112 0.44892174005508423 50
1761513382733 0.44585615396499634 51
1761513383348 0.4483175575733185 52
1761513384025 0.40287041664123535 53
1761513384738 0.39571109414100647 54
1761513385393 0.3768298625946045 55
1761513386073 0.36262354254722595 56
1761513386776 0.3495601415634155 57
1761513387890 0.3368520140647888 58
1761513389382 0.31310218572616577 59
1761513390327 0.31227922439575195 60
1761513391133 0.2930465340614319 61
1761513391813 0.27001532912254333 62
1761513392524 0.25255367159843445 63
1761513393337 0.2605355679988861 64
1761513393979 0.24924248456954956 65
1761513394607 0.2297152429819107 66
1761513395234 0.22277876734733582 67
1761513395894 0.20012082159519196 68
1761513396519 0.18979722261428833 69
1761513397293 0.18224215507507324 70
1761513398068 0.17946669459342957 71
1761513398681 0.17582212388515472 72
1761513399284 0.15636728703975677 73
1761513400008 0.1527867466211319 74
1761513401192 0.1310962587594986 75
1761513402211 0.15267226099967957 76
1761513402872 0.12900476157665253 77
1761513403563 0.12587204575538635 78
1761513404362 0.12393360584974289 79
1761513405059 0.11260349303483963 80
1761513405695 0.11838182061910629 81
1761513406316 0.09944263845682144 82
1761513406941 0.10324069857597351 83
1761513407552 0.09677670150995255 84
1761513408154 0.09773340076208115 85
1761513408763 0.07365802675485611 86
1761513409477 0.08579639345407486 87
1761513410168 0.08967006206512451 88
1761513410835 0.06934719532728195 89
1761513411483 0.06562843918800354 90
1761513412187 0.06926783919334412 91
1761513412856 0.08937644958496094 92
1761513413503 0.07095447182655334 93
1761513414121 0.0743563249707222 94
1761513415009 0.06490606814622879 95
1761513415693 0.04619324207305908 96
1761513416365 0.0369800440967083 97
1761513417135 0.038632094860076904 98
1761513417785 0.04004861041903496 99
1761513350611 1.101787805557251 0
