1761380492060 0.386129766702652 0
1761380492731 0.3847874701023102 1
1761380493393 0.38076063990592957 2
1761380494061 0.38255032896995544 3
1761380494700 0.36599552631378174 4
1761380495381 0.382102906703949 5
1761380496036 0.37002235651016235 6
1761380496682 0.3888143301010132 7
1761380497323 0.3776286244392395 8
1761380497962 0.3722594976425171 9
1761380498641 0.395525723695755 10
1761380499317 0.3709172308444977 11
1761380499963 0.37852349877357483 12
1761380500628 0.3883668780326843 13
1761380501268 0.38389262557029724 14
1761380501906 0.3959731459617615 15
1761380502553 0.40984341502189636 16
1761380503193 0.38255032896995544 17
1761380503833 0.386129766702652 18
1761380504471 0.39060401916503906 19
1761380505112 0.3843400478363037 20
1761380505748 0.386129766702652 21
1761380506383 0.3789709210395813 22
1761380507024 0.37718120217323303 23
1761380507660 0.38344520330429077 24
1761380508297 0.3856823146343231 25
1761380508931 0.3762863576412201 26
1761380509570 0.36420580744743347 27
1761380510206 0.38344520330429077 28
1761380510844 0.4013422727584839 29
1761380511484 0.38791945576667786 30
1761380512120 0.382102906703949 31
1761380512758 0.37718120217323303 32
1761380513395 0.38926175236701965 33
1761380514032 0.39507830142974854 34
1761380514670 0.3749440610408783 35
1761380515306 0.36778524518013 36
1761380515943 0.36465322971343994 37
1761380516581 0.399552583694458 38
1761380517218 0.3718120753765106 39
1761380517854 0.38255032896995544 40
1761380518491 0.37852349877357483 41
1761380519130 0.36196866631507874 42
1761380519765 0.3744966387748718 43
1761380520401 0.38255032896995544 44
1761380521037 0.37718120217323303 45
1761380521675 0.37002235651016235 46
1761380522310 0.3803131878376007 47
1761380522947 0.37136465311050415 48
1761380523590 0.35883668065071106 49
1761380492060 0.386129766702652 0
