1761380492060 1.1923625469207764 0
1761380492731 1.2268372774124146 1
1761380493393 1.2187553644180298 2
1761380494061 1.24385666847229 3
1761380494700 1.2974177598953247 4
1761380495381 1.2334455251693726 5
1761380496036 1.2064604759216309 6
1761380496682 1.1969903707504272 7
1761380497323 1.1916673183441162 8
1761380497962 1.184852123260498 9
1761380498641 1.2178758382797241 10
1761380499317 1.2445911169052124 11
1761380499963 1.179977297782898 12
1761380500628 1.150193214416504 13
1761380501268 1.1530364751815796 14
1761380501906 1.140071153640747 15
1761380502553 1.1367443799972534 16
1761380503193 1.143425464630127 17
1761380503833 1.1469234228134155 18
1761380504471 1.1705266237258911 19
1761380505112 1.1596649885177612 20
1761380505748 1.1450806856155396 21
1761380506383 1.1514785289764404 22
1761380507024 1.1561856269836426 23
1761380507660 1.1745692491531372 24
1761380508297 1.189577341079712 25
1761380508931 1.1843619346618652 26
1761380509570 1.143201470375061 27
1761380510206 1.1559009552001953 28
1761380510844 1.1683387756347656 29
1761380511484 1.212503433227539 30
1761380512120 1.1889303922653198 31
1761380512758 1.1917798519134521 32
1761380513395 1.1646292209625244 33
1761380514032 1.221168875694275 34
1761380514670 1.2287157773971558 35
1761380515306 1.2448810338974 36
1761380515943 1.2266403436660767 37
1761380516581 1.1854922771453857 38
1761380517218 1.2089357376098633 39
1761380517854 1.2250453233718872 40
1761380518491 1.2190535068511963 41
1761380519130 1.2300920486450195 42
1761380519765 1.2971733808517456 43
1761380520401 1.271458387374878 44
1761380521037 1.3113821744918823 45
1761380521675 1.2960845232009888 46
1761380522310 1.2767901420593262 47
1761380522947 1.3815687894821167 48
1761380523590 1.4078091382980347 49
1761380492060 1.1923625469207764 0
