1761510840233 0.3695749342441559 0
1761510840613 0.4120805263519287 1
1761510840994 0.41297540068626404 2
1761510841385 0.4205816686153412 3
1761510841773 0.42505592107772827 4
1761510842156 0.4259507954120636 5
1761510842534 0.4344519078731537 6
1761510842913 0.4326621890068054 7
1761510843291 0.4290827810764313 8
1761510843668 0.4299776256084442 9
1761510844047 0.4331096112728119 10
1761510844426 0.42818790674209595 11
1761510844804 0.42237135767936707 12
1761510845221 0.43087247014045715 13
1761510845605 0.43758389353752136 14
1761510845988 0.42102909088134766 15
1761510846370 0.431319922208786 16
1761510846786 0.43489933013916016 17
1761510847168 0.42550334334373474 18
1761510847567 0.4326621890068054 19
1761510847964 0.42818790674209595 20
1761510848344 0.43892616033554077 21
1761510848739 0.43355703353881836 22
1761510849143 0.427293062210083 23
1761510849553 0.4340044856071472 24
1761510849958 0.42818790674209595 25
1761510850391 0.4366890490055084 26
1761510850803 0.43489933013916016 27
1761510851189 0.4277404844760895 28
1761510851598 0.4290827810764313 29
1761510851995 0.4304250478744507 30
1761510852489 0.4357941746711731 31
1761510852894 0.43355703353881836 32
1761510853278 0.427293062210083 33
1761510853668 0.42550334334373474 34
1761510854060 0.4290827810764313 35
1761510854458 0.4219239354133606 36
1761510854846 0.4326621890068054 37
1761510855230 0.4286353588104248 38
1761510855615 0.4371364712715149 39
1761510856001 0.42237135767936707 40
1761510856384 0.4290827810764313 41
1761510856769 0.4331096112728119 42
1761510857164 0.42416107654571533 43
1761510857563 0.42371365427970886 44
1761510857953 0.43221476674079895 45
1761510858347 0.427293062210083 46
1761510858748 0.43489933013916016 47
1761510859151 0.4290827810764313 48
1761510859560 0.42953020334243774 49
1761510859959 0.4317673444747925 50
1761510860345 0.41431766748428345 51
1761510860740 0.4205816686153412 52
1761510861120 0.4326621890068054 53
1761510861502 0.42505592107772827 54
1761510861885 0.4246084988117218 55
1761510862268 0.41789710521698 56
1761510862687 0.4219239354133606 57
1761510863143 0.42550334334373474 58
1761510863520 0.427293062210083 59
1761510863903 0.4331096112728119 60
1761510864285 0.4205816686153412 61
1761510864664 0.4246084988117218 62
1761510865048 0.41431766748428345 63
1761510865428 0.413870245218277 64
1761510865804 0.4259507954120636 65
1761510866183 0.4174496531486511 66
1761510866562 0.4246084988117218 67
1761510866942 0.42684563994407654 68
1761510867320 0.41968679428100586 69
1761510867703 0.4246084988117218 70
1761510868082 0.4134228229522705 71
1761510868462 0.4040268361568451 72
1761510868844 0.4053691327571869 73
1761510869224 0.4187919497489929 74
1761510869605 0.41163310408592224 75
1761510869988 0.4026845693588257 76
1761510870369 0.42371365427970886 77
1761510870751 0.4022371470928192 78
1761510871173 0.41297540068626404 79
1761510871538 0.4165548086166382 80
1761510871895 0.41431766748428345 81
1761510872236 0.4035794138908386 82
1761510872705 0.3941834568977356 83
1761510873494 0.4000000059604645 84
1761510873881 0.39194631576538086 85
1761510874261 0.40178969502449036 86
1761510874639 0.3856823146343231 87
1761510875026 0.382102906703949 88
1761510875411 0.3897091746330261 89
1761510875797 0.3762863576412201 90
1761510876180 0.3959731459617615 91
1761510876563 0.3749440610408783 92
1761510876941 0.3968680202960968 93
1761510877322 0.3829977512359619 94
1761510877708 0.3651006817817688 95
1761510878090 0.3829977512359619 96
1761510878472 0.3982102870941162 97
1761510878861 0.36196866631507874 98
1761510879266 0.35615211725234985 99
1761510840233 0.3695749342441559 0
