1761510840233 1.1251214742660522 0
1761510840613 1.0859438180923462 1
1761510840994 1.0779322385787964 2
1761510841385 1.0727169513702393 3
1761510841773 1.0702260732650757 4
1761510842156 1.0695363283157349 5
1761510842534 1.0684139728546143 6
1761510842913 1.068110704421997 7
1761510843291 1.0675702095031738 8
1761510843668 1.0673964023590088 9
1761510844047 1.0677717924118042 10
1761510844426 1.066895604133606 11
1761510844804 1.068022608757019 12
1761510845221 1.0675761699676514 13
1761510845605 1.0659444332122803 14
1761510845988 1.067978858947754 15
1761510846370 1.0667742490768433 16
1761510846786 1.0661779642105103 17
1761510847168 1.065452218055725 18
1761510847567 1.0658758878707886 19
1761510847964 1.067086935043335 20
1761510848344 1.0661537647247314 21
1761510848739 1.0667870044708252 22
1761510849143 1.0652070045471191 23
1761510849553 1.065507173538208 24
1761510849958 1.0660244226455688 25
1761510850391 1.0661826133728027 26
1761510850803 1.0658265352249146 27
1761510851189 1.065687656402588 28
1761510851598 1.0668014287948608 29
1761510851995 1.0659388303756714 30
1761510852489 1.064885139465332 31
1761510852894 1.0664151906967163 32
1761510853278 1.0658156871795654 33
1761510853668 1.0663249492645264 34
1761510854060 1.0658292770385742 35
1761510854458 1.066560983657837 36
1761510854846 1.0674200057983398 37
1761510855230 1.066435694694519 38
1761510855615 1.0660591125488281 39
1761510856001 1.0676652193069458 40
1761510856384 1.0664920806884766 41
1761510856769 1.0674386024475098 42
1761510857164 1.0667568445205688 43
1761510857563 1.0662678480148315 44
1761510857953 1.0671937465667725 45
1761510858347 1.0671288967132568 46
1761510858748 1.06752347946167 47
1761510859151 1.0687904357910156 48
1761510859560 1.0673786401748657 49
1761510859959 1.067168116569519 50
1761510860345 1.0687099695205688 51
1761510860740 1.0676487684249878 52
1761510861120 1.0654432773590088 53
1761510861502 1.069963812828064 54
1761510861885 1.068984031677246 55
1761510862268 1.0705076456069946 56
1761510862687 1.0708056688308716 57
1761510863143 1.0685853958129883 58
1761510863520 1.0708078145980835 59
1761510863903 1.0686440467834473 60
1761510864285 1.0672303438186646 61
1761510864664 1.0703377723693848 62
1761510865048 1.0727735757827759 63
1761510865428 1.072667121887207 64
1761510865804 1.0707563161849976 65
1761510866183 1.0753310918807983 66
1761510866562 1.0743216276168823 67
1761510866942 1.0731201171875 68
1761510867320 1.0717636346817017 69
1761510867703 1.077560305595398 70
1761510868082 1.0771111249923706 71
1761510868462 1.0788294076919556 72
1761510868844 1.0822564363479614 73
1761510869224 1.0801783800125122 74
1761510869605 1.0846083164215088 75
1761510869988 1.0844550132751465 76
1761510870369 1.087861180305481 77
1761510870751 1.0937447547912598 78
1761510871173 1.0886478424072266 79
1761510871538 1.0915217399597168 80
1761510871895 1.0961787700653076 81
1761510872236 1.0980056524276733 82
1761510872705 1.113512396812439 83
1761510873494 1.1096769571304321 84
1761510873881 1.1179007291793823 85
1761510874261 1.1310774087905884 86
1761510874639 1.1395667791366577 87
1761510875026 1.1427067518234253 88
1761510875411 1.15374755859375 89
1761510875797 1.1642929315567017 90
1761510876180 1.1636905670166016 91
1761510876563 1.2012702226638794 92
1761510876941 1.1935310363769531 93
1761510877322 1.262121558189392 94
1761510877708 1.3138728141784668 95
1761510878090 1.2340589761734009 96
1761510878472 1.287509560585022 97
1761510878861 1.4042713642120361 98
1761510879266 1.4753568172454834 99
1761510840233 1.1251214742660522 0
