1761510727377 0.41297540068626404 0
1761510727936 0.4187919497489929 1
1761510728517 0.42953020334243774 2
1761510729056 0.4277404844760895 3
1761510729594 0.42371365427970886 4
1761510730136 0.44205817580223083 5
1761510730672 0.4483221471309662 6
1761510731207 0.43803131580352783 7
1761510731742 0.4478747248649597 8
1761510732276 0.4492169916629791 9
1761510732816 0.4536912739276886 10
1761510733356 0.45592841506004333 11
1761510733896 0.4662192463874817 12
1761510734428 0.4657718241214752 13
1761510734967 0.4912751615047455 14
1761510735503 0.48903802037239075 15
1761510736037 0.4935123026371002 16
1761510736569 0.4912751615047455 17
1761510737105 0.509172260761261 18
1761510737636 0.5087248086929321 19
1761510738174 0.5302013158798218 20
1761510738709 0.5203579664230347 21
1761510739240 0.5230425000190735 22
1761510739779 0.5234899520874023 23
1761510740309 0.5337807536125183 24
1761510740842 0.5485458374023438 25
1761510741375 0.5458613038063049 26
1761510741910 0.5615212321281433 27
1761510742446 0.5686801075935364 28
1761510742976 0.5700223445892334 29
1761510743506 0.5816555023193359 30
1761510744040 0.5812080502510071 31
1761510744579 0.5879194736480713 32
1761510745117 0.6013422608375549 33
1761510745650 0.5919463038444519 34
1761510746185 0.6067113876342773 35
1761510746717 0.5986577272415161 36
1761510747258 0.6219239234924316 37
1761510747796 0.6156599521636963 38
1761510748332 0.6210290789604187 39
1761510748871 0.6416107416152954 40
1761510749407 0.617897093296051 41
1761510749947 0.6353467702865601 42
1761510750485 0.6380313038825989 43
1761510751017 0.6371364593505859 44
1761510751550 0.6510066986083984 45
1761510752088 0.6478747129440308 46
1761510752623 0.6469798684120178 47
1761510753159 0.6469798684120178 48
1761510753697 0.6621924042701721 49
1761510754233 0.6572706699371338 50
1761510754774 0.6617449522018433 51
1761510755311 0.6778523325920105 52
1761510755851 0.6724832057952881 53
1761510756387 0.6841163039207458 54
1761510756921 0.6756151914596558 55
1761510757460 0.6926174759864807 56
1761510757995 0.6899328827857971 57
1761510758526 0.6836689114570618 58
1761510759065 0.6953020095825195 59
1761510759595 0.6979866027832031 60
1761510760134 0.7038031220436096 61
1761510760671 0.710067093372345 62
1761510761200 0.7190156579017639 63
1761510761736 0.7185682058334351 64
1761510762272 0.7051454186439514 65
1761510762805 0.708724856376648 66
1761510763343 0.7284116148948669 67
1761510763882 0.7387024760246277 68
1761510764420 0.7288590669631958 69
1761510764979 0.7382550239562988 70
1761510765513 0.7324385046958923 71
1761510766050 0.7391498684883118 72
1761510766583 0.7489932775497437 73
1761510767120 0.7498881220817566 74
1761510767654 0.7516778707504272 75
1761510768190 0.7467561364173889 76
1761510768721 0.745861291885376 77
1761510769257 0.763310968875885 78
1761510769802 0.7744966149330139 79
1761510770343 0.7503355741500854 80
1761510770883 0.7677852511405945 81
1761510771423 0.7744966149330139 82
1761510771963 0.781655490398407 83
1761510772501 0.7753915190696716 84
1761510773035 0.7758389115333557 85
1761510773567 0.7888143062591553 86
1761510774105 0.7897091507911682 87
1761510774647 0.7914988994598389 88
1761510775183 0.7879194617271423 89
1761510775720 0.7821028828620911 90
1761510776254 0.7937360405921936 91
1761510776787 0.7968680262565613 92
1761510777319 0.8022371530532837 93
1761510777854 0.8022371530532837 94
1761510778387 0.8040268421173096 95
1761510778954 0.8076062798500061 96
1761510779495 0.8107382655143738 97
1761510780040 0.8076062798500061 98
1761510780572 0.8089485168457031 99
1761510727377 0.41297540068626404 0
