1761510727377 1.090232014656067 0
1761510727936 1.0726780891418457 1
1761510728517 1.0685480833053589 2
1761510729056 1.0632643699645996 3
1761510729594 1.068503737449646 4
1761510730136 1.0573906898498535 5
1761510730672 1.0519564151763916 6
1761510731207 1.052375078201294 7
1761510731742 1.045532464981079 8
1761510732276 1.0421241521835327 9
1761510732816 1.0397452116012573 10
1761510733356 1.034449577331543 11
1761510733896 1.0269123315811157 12
1761510734428 1.024367332458496 13
1761510734967 1.017557978630066 14
1761510735503 1.0155072212219238 15
1761510736037 1.0013209581375122 16
1761510736569 1.0064836740493774 17
1761510737105 0.9939391016960144 18
1761510737636 0.9863672256469727 19
1761510738174 0.973935067653656 20
1761510738709 0.9697550535202026 21
1761510739240 0.9656487107276917 22
1761510739779 0.9585342407226562 23
1761510740309 0.9479130506515503 24
1761510740842 0.9411118626594543 25
1761510741375 0.9366925358772278 26
1761510741910 0.925326943397522 27
1761510742446 0.9133657813072205 28
1761510742976 0.9082646369934082 29
1761510743506 0.8985598683357239 30
1761510744040 0.8909055590629578 31
1761510744579 0.8881121873855591 32
1761510745117 0.8696531057357788 33
1761510745650 0.8653185963630676 34
1761510746185 0.8622710704803467 35
1761510746717 0.8513946533203125 36
1761510747258 0.8389936685562134 37
1761510747796 0.8400856256484985 38
1761510748332 0.8282302021980286 39
1761510748871 0.8156554698944092 40
1761510749407 0.8304792642593384 41
1761510749947 0.8042312860488892 42
1761510750485 0.7972331643104553 43
1761510751017 0.7981123328208923 44
1761510751550 0.7816914319992065 45
1761510752088 0.7765554189682007 46
1761510752623 0.7743712067604065 47
1761510753159 0.7689095735549927 48
1761510753697 0.7555692195892334 49
1761510754233 0.7546452879905701 50
1761510754774 0.7473902702331543 51
1761510755311 0.7377587556838989 52
1761510755851 0.7332115769386292 53
1761510756387 0.7195607423782349 54
1761510756921 0.7299152612686157 55
1761510757460 0.7118927836418152 56
1761510757995 0.706581175327301 57
1761510758526 0.7037630081176758 58
1761510759065 0.6978914141654968 59
1761510759595 0.6847139596939087 60
1761510760134 0.6777793765068054 61
1761510760671 0.6726766228675842 62
1761510761200 0.6644484400749207 63
1761510761736 0.6523866057395935 64
1761510762272 0.6646438241004944 65
1761510762805 0.6575983762741089 66
1761510763343 0.6426013708114624 67
1761510763882 0.6316803097724915 68
1761510764420 0.6299138069152832 69
1761510764979 0.6255285143852234 70
1761510765513 0.615251898765564 71
1761510766050 0.6136940121650696 72
1761510766583 0.6056023836135864 73
1761510767120 0.6010838150978088 74
1761510767654 0.5903933644294739 75
1761510768190 0.5911104083061218 76
1761510768721 0.5889517068862915 77
1761510769257 0.5768439173698425 78
1761510769802 0.5629734396934509 79
1761510770343 0.574720561504364 80
1761510770883 0.5542808175086975 81
1761510771423 0.5516481399536133 82
1761510771963 0.5505836606025696 83
1761510772501 0.545287549495697 84
1761510773035 0.538167417049408 85
1761510773567 0.5263698101043701 86
1761510774105 0.524131178855896 87
1761510774647 0.5224329233169556 88
1761510775183 0.5134554505348206 89
1761510775720 0.5147626399993896 90
1761510776254 0.5090736746788025 91
1761510776787 0.5040186047554016 92
1761510777319 0.4969043433666229 93
1761510777854 0.4977324306964874 94
1761510778387 0.4839887022972107 95
1761510778954 0.479571670293808 96
1761510779495 0.4753747880458832 97
1761510780040 0.4771922528743744 98
1761510780572 0.47703373432159424 99
1761510727377 1.090232014656067 0
