1761438808374 0.3748314678668976 0
1761438808964 0.4049438238143921 1
1761438809543 0.3928090035915375 2
1761438810141 0.384269654750824 3
1761438810724 0.3856179714202881 4
1761438811293 0.38022470474243164 5
1761438811860 0.40943819284439087 6
1761438812439 0.4040449559688568 7
1761438813010 0.42606741189956665 8
1761438813575 0.43101122975349426 9
1761438814138 0.4435954988002777 10
1761438814711 0.437303364276886 11
1761438815286 0.4377528131008148 12
1761438815863 0.4413483142852783 13
1761438816426 0.44044944643974304 14
1761438816989 0.44764044880867004 15
1761438817559 0.4395505487918854 16
1761438818118 0.44539326429367065 17
1761438818681 0.4552809000015259 18
1761438819241 0.4521348178386688 19
1761438819802 0.4530337154865265 20
1761438820363 0.4444943964481354 21
1761438820930 0.4570786654949188 22
1761438821494 0.4615730345249176 23
1761438822057 0.4678651690483093 24
1761438822640 0.4557303488254547 25
1761438823222 0.46561798453330994 26
1761438823819 0.47325843572616577 27
1761438824406 0.47640448808670044 28
1761438825048 0.4858427047729492 29
1761438825692 0.48494380712509155 30
1761438826255 0.49438202381134033 31
1761438826819 0.5065168738365173 32
1761438827389 0.5128089785575867 33
1761438827961 0.521797776222229 34
1761438828541 0.5375280976295471 35
1761438829104 0.5402247309684753 36
1761438829688 0.5415730476379395 37
1761438830291 0.5591011047363281 38
1761438830908 0.5595505833625793 39
1761438831492 0.5721348524093628 40
1761438832095 0.5833708047866821 41
1761438832735 0.5788763761520386 42
1761438833327 0.601348340511322 43
1761438833914 0.6026966571807861 44
1761438834511 0.5995505452156067 45
1761438835136 0.6188763976097107 46
1761438835751 0.6242696642875671 47
1761438836328 0.6251685619354248 48
1761438836938 0.6323595643043518 49
1761438808374 0.3748314678668976 0
