1761438808374 1.0973286628723145 0
1761438808964 1.079742193222046 1
1761438809543 1.08961021900177 2
1761438810141 1.0888217687606812 3
1761438810724 1.084486961364746 4
1761438811293 1.0870659351348877 5
1761438811860 1.0770201683044434 6
1761438812439 1.0763883590698242 7
1761438813010 1.076259970664978 8
1761438813575 1.0686924457550049 9
1761438814138 1.066213607788086 10
1761438814711 1.0603625774383545 11
1761438815286 1.063166856765747 12
1761438815863 1.0605287551879883 13
1761438816426 1.0549802780151367 14
1761438816989 1.0531160831451416 15
1761438817559 1.0543971061706543 16
1761438818118 1.0527877807617188 17
1761438818681 1.0521320104599 18
1761438819241 1.049793004989624 19
1761438819802 1.0542376041412354 20
1761438820363 1.048310399055481 21
1761438820930 1.0441584587097168 22
1761438821494 1.0444538593292236 23
1761438822057 1.039196491241455 24
1761438822640 1.040805459022522 25
1761438823222 1.0343598127365112 26
1761438823819 1.0357043743133545 27
1761438824406 1.030967354774475 28
1761438825048 1.025378704071045 29
1761438825692 1.0245705842971802 30
1761438826255 1.016826868057251 31
1761438826819 1.011444330215454 32
1761438827389 1.0062861442565918 33
1761438827961 0.9982782006263733 34
1761438828541 0.9853399395942688 35
1761438829104 0.9787029027938843 36
1761438829688 0.9695519804954529 37
1761438830291 0.9548021554946899 38
1761438830908 0.949644148349762 39
1761438831492 0.9332132339477539 40
1761438832095 0.9272569417953491 41
1761438832735 0.9180044531822205 42
1761438833327 0.8965929746627808 43
1761438833914 0.8872767090797424 44
1761438834511 0.8801405429840088 45
1761438835136 0.860419511795044 46
1761438835751 0.8521796464920044 47
1761438836328 0.8434151411056519 48
1761438836938 0.8306781053543091 49
1761438808374 1.0973286628723145 0
