1761440074676 0.37623319029808044 0
1761440075424 0.3860986530780792 1
1761440076194 0.3865470886230469 2
1761440076851 0.3807174861431122 3
1761440077505 0.3798206150531769 4
1761440078155 0.40986546874046326 5
1761440078801 0.402690589427948 6
1761440079457 0.42914798855781555 7
1761440080165 0.4363228678703308 8
1761440080863 0.45605382323265076 9
1761440081563 0.47354260087013245 10
1761440082208 0.46591928601264954 11
1761440082897 0.5017937421798706 12
1761440083548 0.5282511115074158 13
1761440084188 0.5260089635848999 14
1761440084838 0.5452914834022522 15
1761440085484 0.5928251147270203 16
1761440086126 0.6139013171195984 17
1761440086773 0.6448430418968201 18
1761440087420 0.6959640979766846 19
1761440088063 0.7040358781814575 20
1761440088715 0.7188341021537781 21
1761440089372 0.7852017879486084 22
1761440090015 0.7874439358711243 23
1761440090733 0.7986547350883484 24
1761440091382 0.8354260325431824 25
1761440092042 0.8255605101585388 26
1761440092729 0.8596412539482117 27
1761440093410 0.8493273258209229 28
1761440094080 0.8726457357406616 29
1761440094776 0.8887892365455627 30
1761440095473 0.9013453125953674 31
1761440096167 0.9103139042854309 32
1761440096841 0.8901345133781433 33
1761440097537 0.9242152571678162 34
1761440098210 0.907623291015625 35
1761440098899 0.8762331604957581 36
1761440099538 0.9340807199478149 37
1761440100213 0.9475336074829102 38
1761440100868 0.9143497943878174 39
1761440101517 0.9085201621055603 40
1761440102159 0.9466367959976196 41
1761440102799 0.9547085165977478 42
1761440103441 0.949775755405426 43
1761440104084 0.9322869777679443 44
1761440104746 0.949775755405426 45
1761440105388 0.9390134811401367 46
1761440106028 0.9295964241027832 47
1761440106687 0.9349775910377502 48
1761440107341 0.9605380892753601 49
1761440074676 0.37623319029808044 0
