1761440074676 1.1013240814208984 0
1761440075424 1.0904780626296997 1
1761440076194 1.0895318984985352 2
1761440076851 1.0895912647247314 3
1761440077505 1.0836937427520752 4
1761440078155 1.078484296798706 5
1761440078801 1.0707170963287354 6
1761440079457 1.0579123497009277 7
1761440080165 1.055387020111084 8
1761440080863 1.042452335357666 9
1761440081563 1.0195175409317017 10
1761440082208 1.0221678018569946 11
1761440082897 0.9889160394668579 12
1761440083548 0.9600967168807983 13
1761440084188 0.9492137432098389 14
1761440084838 0.9145265221595764 15
1761440085484 0.852531909942627 16
1761440086126 0.8111110329627991 17
1761440086773 0.7679191827774048 18
1761440087420 0.6759136915206909 19
1761440088063 0.6609835028648376 20
1761440088715 0.6301363706588745 21
1761440089372 0.5074485540390015 22
1761440090015 0.48692724108695984 23
1761440090733 0.4785524606704712 24
1761440091382 0.40985792875289917 25
1761440092042 0.40791642665863037 26
1761440092729 0.35117271542549133 27
1761440093410 0.3475199341773987 28
1761440094080 0.3125689923763275 29
1761440094776 0.27978163957595825 30
1761440095473 0.2621580958366394 31
1761440096167 0.23719076812267303 32
1761440096841 0.2624804675579071 33
1761440097537 0.20339567959308624 34
1761440098210 0.2298012524843216 35
1761440098899 0.30375897884368896 36
1761440099538 0.1775604635477066 37
1761440100213 0.15596434473991394 38
1761440100868 0.21382027864456177 39
1761440101517 0.22986143827438354 40
1761440102159 0.14653946459293365 41
1761440102799 0.13742654025554657 42
1761440103441 0.13210469484329224 43
1761440104084 0.17956417798995972 44
1761440104746 0.13272421061992645 45
1761440105388 0.15079934895038605 46
1761440106028 0.16879041492938995 47
1761440106687 0.17490194737911224 48
1761440107341 0.1184583455324173 49
1761440074676 1.1013240814208984 0
