1761438037297 0.42953020334243774 0
1761438037808 0.4635346829891205 1
1761438038330 0.4608501195907593 2
1761438038907 0.46263980865478516 3
1761438039401 0.4756152033805847 4
1761438039896 0.4702460765838623 5
1761438040393 0.46935123205184937 6
1761438040883 0.4747203588485718 7
1761438041380 0.47785234451293945 8
1761438041872 0.4787471890449524 9
1761438042371 0.4823266267776489 10
1761438042868 0.477404922246933 11
1761438043361 0.4841163456439972 12
1761438043857 0.48590603470802307 13
1761438044353 0.48903802037239075 14
1761438044844 0.48501119017601013 15
1761438045343 0.4899328947067261 16
1761438045838 0.4935123026371002 17
1761438046332 0.4953020215034485 18
1761438046849 0.4894854724407196 19
1761438047375 0.4926174581050873 20
1761438047872 0.49172258377075195 21
1761438048363 0.48456376791000366 22
1761438048857 0.4939597249031067 23
1761438049354 0.5006711483001709 24
1761438049867 0.49440714716911316 25
1761438050364 0.4966442883014679 26
1761438050859 0.4939597249031067 27
1761438051353 0.49172258377075195 28
1761438051851 0.5078299641609192 29
1761438052347 0.5029082894325256 30
1761438052840 0.5020134449005127 31
1761438053330 0.5078299641609192 32
1761438053823 0.5136465430259705 33
1761438054317 0.509172260761261 34
1761438054811 0.500223696231842 35
1761438055311 0.5114094018936157 36
1761438055807 0.5127516984939575 37
1761438056300 0.4885905981063843 38
1761438056795 0.5055928230285645 39
1761438057294 0.509172260761261 40
1761438057788 0.5131990909576416 41
1761438058279 0.5087248086929321 42
1761438058777 0.5230425000190735 43
1761438059280 0.5042505860328674 44
1761438059786 0.5270693302154541 45
1761438060282 0.5239373445510864 46
1761438060779 0.509172260761261 47
1761438061277 0.5158836841583252 48
1761438061778 0.5105145573616028 49
1761438037297 0.42953020334243774 0
