1761438037297 1.0671250820159912 0
1761438037808 1.055023431777954 1
1761438038330 1.0448644161224365 2
1761438038907 1.042487382888794 3
1761438039401 1.041816234588623 4
1761438039896 1.0384222269058228 5
1761438040393 1.0334322452545166 6
1761438040883 1.0342786312103271 7
1761438041380 1.029995322227478 8
1761438041872 1.0259357690811157 9
1761438042371 1.026746392250061 10
1761438042868 1.0253067016601562 11
1761438043361 1.0241786241531372 12
1761438043857 1.020521879196167 13
1761438044353 1.0178629159927368 14
1761438044844 1.0169200897216797 15
1761438045343 1.0199562311172485 16
1761438045838 1.0162020921707153 17
1761438046332 1.0194684267044067 18
1761438046849 1.0118496417999268 19
1761438047375 1.0159916877746582 20
1761438047872 1.0166805982589722 21
1761438048363 1.007644772529602 22
1761438048857 1.0115736722946167 23
1761438049354 1.0068750381469727 24
1761438049867 1.0126008987426758 25
1761438050364 1.0107169151306152 26
1761438050859 1.006243109703064 27
1761438051353 1.0028510093688965 28
1761438051851 1.001623511314392 29
1761438052347 1.001983880996704 30
1761438052840 0.9998924136161804 31
1761438053330 1.0000922679901123 32
1761438053823 0.9965139627456665 33
1761438054317 0.9980452656745911 34
1761438054811 0.9979719519615173 35
1761438055311 0.993268609046936 36
1761438055807 0.9974901080131531 37
1761438056300 1.003931999206543 38
1761438056795 0.991804838180542 39
1761438057294 0.9995588064193726 40
1761438057788 0.9981599450111389 41
1761438058279 0.9982188940048218 42
1761438058777 0.9920763969421387 43
1761438059280 0.9980719089508057 44
1761438059786 0.9893161654472351 45
1761438060282 0.9909046292304993 46
1761438060779 1.0007470846176147 47
1761438061277 0.985548198223114 48
1761438061778 0.9853893518447876 49
1761438037297 1.0671250820159912 0
