1761380766962 0.35928410291671753 0
1761380768114 0.36331096291542053 1
1761380769244 0.37404921650886536 2
1761380770391 0.38523489236831665 3
1761380771529 0.36017897725105286 4
1761380772658 0.3803131878376007 5
1761380773841 0.37852349877357483 6
1761380774960 0.3682326674461365 7
1761380776131 0.38657718896865845 8
1761380777303 0.3883668780326843 9
1761380778520 0.38926175236701965 10
1761380779712 0.395525723695755 11
1761380780847 0.4053691327571869 12
1761380782051 0.4080536961555481 13
1761380783181 0.39328858256340027 14
1761380784312 0.4035794138908386 15
1761380785437 0.3901565968990326 16
1761380786571 0.4022371470928192 17
1761380787714 0.40984341502189636 18
1761380788843 0.41252797842025757 19
1761380790003 0.4147650897502899 20
1761380791137 0.42684563994407654 21
1761380792323 0.42371365427970886 22
1761380793458 0.40313199162483215 23
1761380794591 0.40894854068756104 24
1761380795720 0.40715882182121277 25
1761380796858 0.40715882182121277 26
1761380797999 0.4147650897502899 27
1761380799132 0.4147650897502899 28
1761380800265 0.4340044856071472 29
1761380801403 0.427293062210083 30
1761380802640 0.4049217104911804 31
1761380803787 0.41118568181991577 32
1761380804916 0.4259507954120636 33
1761380806050 0.4259507954120636 34
1761380807198 0.4107382595539093 35
1761380808335 0.44026845693588257 36
1761380809465 0.41252797842025757 37
1761380810603 0.4161073863506317 38
1761380811741 0.43892616033554077 39
1761380812927 0.44340044260025024 40
1761380814063 0.43087247014045715 41
1761380815201 0.43355703353881836 42
1761380816339 0.4344519078731537 43
1761380817493 0.44474273920059204 44
1761380818624 0.4290827810764313 45
1761380819757 0.43937361240386963 46
1761380820885 0.4438478648662567 47
1761380822022 0.44474273920059204 48
1761380823160 0.43087247014045715 49
1761380766962 0.35928410291671753 0
