1761380766962 2.4968979358673096 0
1761380768114 2.086245059967041 1
1761380769244 2.037357807159424 2
1761380770391 1.8465907573699951 3
1761380771529 1.7883230447769165 4
1761380772658 1.601251482963562 5
1761380773841 1.5186879634857178 6
1761380774960 1.4288119077682495 7
1761380776131 1.322748064994812 8
1761380777303 1.2152987718582153 9
1761380778520 1.18868088722229 10
1761380779712 1.1778801679611206 11
1761380780847 1.1271100044250488 12
1761380782051 1.1070572137832642 13
1761380783181 1.109881043434143 14
1761380784312 1.1070396900177002 15
1761380785437 1.0980560779571533 16
1761380786571 1.0996758937835693 17
1761380787714 1.0950602293014526 18
1761380788843 1.0909544229507446 19
1761380790003 1.091392993927002 20
1761380791137 1.0848380327224731 21
1761380792323 1.0826910734176636 22
1761380793458 1.0972460508346558 23
1761380794591 1.0953155755996704 24
1761380795720 1.0931153297424316 25
1761380796858 1.0967755317687988 26
1761380797999 1.1117994785308838 27
1761380799132 1.094467043876648 28
1761380800265 1.0800431966781616 29
1761380801403 1.087087869644165 30
1761380802640 1.1006125211715698 31
1761380803787 1.0850913524627686 32
1761380804916 1.0804425477981567 33
1761380806050 1.0798145532608032 34
1761380807198 1.0922998189926147 35
1761380808335 1.0723040103912354 36
1761380809465 1.1054387092590332 37
1761380810603 1.0843111276626587 38
1761380811741 1.0681384801864624 39
1761380812927 1.0907599925994873 40
1761380814063 1.0828663110733032 41
1761380815201 1.0782229900360107 42
1761380816339 1.0758720636367798 43
1761380817493 1.0763179063796997 44
1761380818624 1.0876926183700562 45
1761380819757 1.0744867324829102 46
1761380820885 1.070306420326233 47
1761380822022 1.0597950220108032 48
1761380823160 1.0863590240478516 49
1761380766962 2.4968979358673096 0
