1761511212550 0.40447425842285156 0
1761511213197 0.44474273920059204 1
1761511213799 0.43803131580352783 2
1761511214405 0.45011186599731445 3
1761511215039 0.45995524525642395 4
1761511215649 0.46711409091949463 5
1761511216250 0.4595078229904175 6
1761511216853 0.4756152033805847 7
1761511217456 0.48590603470802307 8
1761511218061 0.49440714716911316 9
1761511218691 0.5024608373641968 10
1761511219318 0.5055928230285645 11
1761511220021 0.4953020215034485 12
1761511220628 0.5230425000190735 13
1761511221238 0.5105145573616028 14
1761511221889 0.5337807536125183 15
1761511222569 0.5181208252906799 16
1761511223198 0.5315436124801636 17
1761511223828 0.5293064713478088 18
1761511224439 0.5498881340026855 19
1761511225074 0.5516778230667114 20
1761511225710 0.5704697966575623 21
1761511226344 0.5740492343902588 22
1761511226962 0.5722594857215881 23
1761511227584 0.5664429664611816 24
1761511228188 0.5794183611869812 25
1761511228790 0.5722594857215881 26
1761511229400 0.5861297249794006 27
1761511230006 0.5928411483764648 28
1761511230614 0.608501136302948 29
1761511231220 0.6102908253669739 30
1761511231822 0.6241610646247864 31
1761511232419 0.6255033612251282 32
1761511233027 0.6434004306793213 33
1761511233632 0.6492170095443726 34
1761511234231 0.6442952752113342 35
1761511234842 0.6711409687995911 36
1761511235461 0.6621924042701721 37
1761511236076 0.6684563755989075 38
1761511236691 0.6890380382537842 39
1761511237368 0.6859060525894165 40
1761511237986 0.6975391507148743 41
1761511238616 0.7131990790367126 42
1761511239231 0.7212527990341187 43
1761511239885 0.7149888277053833 44
1761511240524 0.7382550239562988 45
1761511241135 0.7378076314926147 46
1761511241781 0.755257248878479 47
1761511242414 0.7740492224693298 48
1761511243027 0.7673377990722656 49
1761511243634 0.7870246171951294 50
1761511244247 0.8080536723136902 51
1761511244865 0.809395968914032 52
1761511245478 0.8281879425048828 53
1761511246093 0.8237136602401733 54
1761511246720 0.8348993062973022 55
1761511247333 0.8402684330940247 56
1761511247960 0.8519015908241272 57
1761511248607 0.8666666746139526 58
1761511249218 0.8742729425430298 59
1761511249841 0.8756152391433716 60
1761511250463 0.8814317584037781 61
1761511251101 0.8876957297325134 62
1761511251774 0.8939597606658936 63
1761511252395 0.8814317584037781 64
1761511253006 0.9038031101226807 65
1761511253660 0.9158836603164673 66
1761511254275 0.9257270693778992 67
1761511254879 0.9346756339073181 68
1761511255524 0.9324384927749634 69
1761511256219 0.9333333373069763 70
1761511256831 0.9449664354324341 71
1761511257454 0.9525727033615112 72
1761511258085 0.9534675478935242 73
1761511258704 0.9619686603546143 74
1761511259313 0.9668903946876526 75
1761511259920 0.9659955501556396 76
1761511260546 0.9731543660163879 77
1761511261176 0.9709172248840332 78
1761511261799 0.9718120694160461 79
1761511262447 0.9740492105484009 80
1761511263056 0.9812080264091492 81
1761511263666 0.9838926196098328 82
1761511264287 0.9798657894134521 83
1761511264898 0.9803131818771362 84
1761511265524 0.9838926196098328 85
1761511266156 0.9865771532058716 86
1761511266769 0.9879194498062134 87
1761511267381 0.9767338037490845 88
1761511267984 0.9767338037490845 89
1761511268585 0.981655478477478 90
1761511269189 0.9865771532058716 91
1761511269795 0.990604043006897 92
1761511270404 0.991946280002594 93
1761511271013 0.991051435470581 94
1761511271617 0.9753915071487427 95
1761511272235 0.9807606339454651 96
1761511272861 0.991946280002594 97
1761511273468 0.9892617464065552 98
1761511274089 0.9879194498062134 99
1761511212550 0.40447425842285156 0
