1761511212550 1.1043751239776611 0
1761511213197 1.0660650730133057 1
1761511213799 1.0583640336990356 2
1761511214405 1.0523136854171753 3
1761511215039 1.047566294670105 4
1761511215649 1.0353546142578125 5
1761511216250 1.0365524291992188 6
1761511216853 1.023103952407837 7
1761511217456 1.0219120979309082 8
1761511218061 1.0024127960205078 9
1761511218691 0.9977928996086121 10
1761511219318 0.9922122955322266 11
1761511220021 0.9865509867668152 12
1761511220628 0.9683576226234436 13
1761511221238 0.9827253222465515 14
1761511221889 0.9588425755500793 15
1761511222569 0.9560245275497437 16
1761511223198 0.9455360174179077 17
1761511223828 0.9479248523712158 18
1761511224439 0.9265042543411255 19
1761511225074 0.9253351092338562 20
1761511225710 0.9068555235862732 21
1761511226344 0.9081289768218994 22
1761511226962 0.9000925421714783 23
1761511227584 0.9005478024482727 24
1761511228188 0.8820544481277466 25
1761511228790 0.8913137316703796 26
1761511229400 0.862356960773468 27
1761511230006 0.8501437306404114 28
1761511230614 0.8379848599433899 29
1761511231220 0.8344510793685913 30
1761511231822 0.8128846287727356 31
1761511232419 0.8138097524642944 32
1761511233027 0.7986648082733154 33
1761511233632 0.7837897539138794 34
1761511234231 0.782218337059021 35
1761511234842 0.7374192476272583 36
1761511235461 0.7629184126853943 37
1761511236076 0.7298691868782043 38
1761511236691 0.7025446891784668 39
1761511237368 0.7083380818367004 40
1761511237986 0.6910024881362915 41
1761511238616 0.6626576781272888 42
1761511239231 0.6551844477653503 43
1761511239885 0.645896315574646 44
1761511240524 0.6074695587158203 45
1761511241135 0.5952976942062378 46
1761511241781 0.5894573330879211 47
1761511242414 0.5549058318138123 48
1761511243027 0.5487523674964905 49
1761511243634 0.5259146094322205 50
1761511244247 0.4905647039413452 51
1761511244865 0.48242273926734924 52
1761511245478 0.4546681046485901 53
1761511246093 0.462377667427063 54
1761511246720 0.4352259635925293 55
1761511247333 0.4194614589214325 56
1761511247960 0.40404731035232544 57
1761511248607 0.38044473528862 58
1761511249218 0.35475969314575195 59
1761511249841 0.3512486219406128 60
1761511250463 0.33474308252334595 61
1761511251101 0.32698360085487366 62
1761511251774 0.30612730979919434 63
1761511252395 0.33110862970352173 64
1761511253006 0.2839795649051666 65
1761511253660 0.2623593807220459 66
1761511254275 0.24491474032402039 67
1761511254879 0.23220430314540863 68
1761511255524 0.22176888585090637 69
1761511256219 0.21043238043785095 70
1761511256831 0.19858919084072113 71
1761511257454 0.19265055656433105 72
1761511258085 0.17951850593090057 73
1761511258704 0.16368883848190308 74
1761511259313 0.15402624011039734 75
1761511259920 0.14792603254318237 76
1761511260546 0.1383979320526123 77
1761511261176 0.13387025892734528 78
1761511261799 0.12996064126491547 79
1761511262447 0.11760779470205307 80
1761511263056 0.10758400708436966 81
1761511263666 0.10071934759616852 82
1761511264287 0.09772659093141556 83
1761511264898 0.1034158393740654 84
1761511265524 0.09757497161626816 85
1761511266156 0.08235125243663788 86
1761511266769 0.08001095056533813 87
1761511267381 0.09959579259157181 88
1761511267984 0.09814117848873138 89
1761511268585 0.09105975925922394 90
1761511269189 0.07502663880586624 91
1761511269795 0.06251461058855057 92
1761511270404 0.059079162776470184 93
1761511271013 0.054169174283742905 94
1761511271617 0.088999904692173 95
1761511272235 0.08516252040863037 96
1761511272861 0.05931147187948227 97
1761511273468 0.06031666323542595 98
1761511274089 0.06045942381024361 99
1761511212550 1.1043751239776611 0
