1761437131747 0.4344519078731537 0
1761437132264 0.4617449641227722 1
1761437132762 0.459060400724411 2
1761437133260 0.46532437205314636 3
1761437133761 0.47337806224823 4
1761437134265 0.47785234451293945 5
1761437134775 0.477404922246933 6
1761437135270 0.4756152033805847 7
1761437135770 0.4823266267776489 8
1761437136275 0.47785234451293945 9
1761437136779 0.4894854724407196 10
1761437137280 0.4841163456439972 11
1761437137778 0.490827739238739 12
1761437138270 0.48456376791000366 13
1761437138759 0.4912751615047455 14
1761437139256 0.4993288516998291 15
1761437139751 0.49843400716781616 16
1761437140251 0.4885905981063843 17
1761437140738 0.49440714716911316 18
1761437141243 0.5069351196289062 19
1761437141738 0.4921700358390808 20
1761437142235 0.5140939354896545 21
1761437142745 0.49574944376945496 22
1761437143240 0.5046979784965515 23
1761437143735 0.5006711483001709 24
1761437144231 0.5100671052932739 25
1761437144730 0.5038031339645386 26
1761437145223 0.49172258377075195 27
1761437145720 0.5064876675605774 28
1761437146216 0.5060402750968933 29
1761437146718 0.5158836841583252 30
1761437147208 0.5087248086929321 31
1761437147703 0.5073825716972351 32
1761437148203 0.5154362320899963 33
1761437148705 0.5073825716972351 34
1761437149200 0.5046979784965515 35
1761437149702 0.5042505860328674 36
1761437150199 0.509172260761261 37
1761437150703 0.5154362320899963 38
1761437151196 0.5046979784965515 39
1761437151685 0.5046979784965515 40
1761437152187 0.49977627396583557 41
1761437152689 0.5064876675605774 42
1761437153196 0.5167785286903381 43
1761437153693 0.5096197128295898 44
1761437154189 0.5288590788841248 45
1761437154685 0.5131990909576416 46
1761437155178 0.5203579664230347 47
1761437155672 0.5131990909576416 48
1761437156173 0.5172259211540222 49
1761437131747 0.4344519078731537 0
