1761437131747 1.071531057357788 0
1761437132264 1.0476921796798706 1
1761437132762 1.0467207431793213 2
1761437133260 1.0445053577423096 3
1761437133761 1.039428472518921 4
1761437134265 1.0323225259780884 5
1761437134775 1.0332823991775513 6
1761437135270 1.0318262577056885 7
1761437135770 1.0336500406265259 8
1761437136275 1.0300405025482178 9
1761437136779 1.025168776512146 10
1761437137280 1.0247082710266113 11
1761437137778 1.0246766805648804 12
1761437138270 1.024177074432373 13
1761437138759 1.0197103023529053 14
1761437139256 1.0224634408950806 15
1761437139751 1.0134071111679077 16
1761437140251 1.0115958452224731 17
1761437140738 1.0160659551620483 18
1761437141243 1.0084928274154663 19
1761437141738 1.0160512924194336 20
1761437142235 1.0036778450012207 21
1761437142745 1.0088045597076416 22
1761437143240 1.0124179124832153 23
1761437143735 1.0068529844284058 24
1761437144231 1.0026633739471436 25
1761437144730 1.0055921077728271 26
1761437145223 1.0179704427719116 27
1761437145720 0.9996060132980347 28
1761437146216 0.9973663687705994 29
1761437146718 1.0042458772659302 30
1761437147208 1.0129947662353516 31
1761437147703 1.0038617849349976 32
1761437148203 0.9950861930847168 33
1761437148705 1.0059748888015747 34
1761437149200 1.0115492343902588 35
1761437149702 1.0073788166046143 36
1761437150199 0.9992156028747559 37
1761437150703 0.9975278973579407 38
1761437151196 1.0045166015625 39
1761437151685 1.006247878074646 40
1761437152187 1.0041195154190063 41
1761437152689 1.0007227659225464 42
1761437153196 1.0001599788665771 43
1761437153693 0.9985665082931519 44
1761437154189 0.9897353053092957 45
1761437154685 1.0023411512374878 46
1761437155178 0.9993810653686523 47
1761437155672 0.9938353300094604 48
1761437156173 1.0063940286636353 49
1761437131747 1.071531057357788 0
