1761510939223 0.41163310408592224 0
1761510939821 0.4214765131473541 1
1761510940387 0.4304250478744507 2
1761510940997 0.4442952871322632 3
1761510941572 0.4465324282646179 4
1761510942179 0.47337806224823 5
1761510942752 0.4760626256465912 6
1761510943324 0.477404922246933 7
1761510943884 0.4769574999809265 8
1761510944441 0.49306488037109375 9
1761510945018 0.508277416229248 10
1761510945590 0.5217002034187317 11
1761510946179 0.5203579664230347 12
1761510946745 0.5270693302154541 13
1761510947313 0.5310962200164795 14
1761510947873 0.5351230502128601 15
1761510948434 0.5382550358772278 16
1761510948992 0.5476509928703308 17
1761510949550 0.5467561483383179 18
1761510950115 0.5516778230667114 19
1761510950676 0.5521252751350403 20
1761510951235 0.5700223445892334 21
1761510951796 0.5668903589248657 22
1761510952355 0.5780760645866394 23
1761510952915 0.5736017823219299 24
1761510953477 0.5668903589248657 25
1761510954056 0.5964205861091614 26
1761510954626 0.5785235166549683 27
1761510955211 0.5740492343902588 28
1761510955783 0.6053691506385803 29
1761510956356 0.6008948683738708 30
1761510956935 0.5843400359153748 31
1761510957501 0.5991051197052002 32
1761510958062 0.600447416305542 33
1761510958623 0.6062639951705933 34
1761510959194 0.6035794019699097 35
1761510959757 0.6152125000953674 36
1761510960322 0.6161074042320251 37
1761510960888 0.6089485287666321 38
1761510961458 0.6196867823600769 39
1761510962019 0.6348993182182312 40
1761510962587 0.628187894821167 41
1761510963158 0.6295301914215088 42
1761510963724 0.6259507536888123 43
1761510964285 0.6228187680244446 44
1761510964861 0.6120805144309998 45
1761510965420 0.6156599521636963 46
1761510965980 0.6348993182182312 47
1761510966541 0.6237136721611023 48
1761510967098 0.6219239234924316 49
1761510967658 0.6304250359535217 50
1761510968220 0.6474273204803467 51
1761510968788 0.6331096291542053 52
1761510969354 0.6331096291542053 53
1761510969946 0.6380313038825989 54
1761510970511 0.6241610646247864 55
1761510971103 0.6326621770858765 56
1761510971669 0.636241614818573 57
1761510972227 0.6183445453643799 58
1761510972781 0.6286353468894958 59
1761510973348 0.6429530382156372 60
1761510973904 0.6487695574760437 61
1761510974471 0.6317673325538635 62
1761510975033 0.6076062917709351 63
1761510975597 0.6425055861473083 64
1761510976154 0.6331096291542053 65
1761510976718 0.6447427272796631 66
1761510977278 0.6326621770858765 67
1761510977837 0.6335570216178894 68
1761510978400 0.6348993182182312 69
1761510978958 0.6478747129440308 70
1761510979522 0.6326621770858765 71
1761510980085 0.6255033612251282 72
1761510980644 0.6487695574760437 73
1761510981209 0.6608501076698303 74
1761510981766 0.6317673325538635 75
1761510982323 0.6438478827476501 76
1761510982955 0.6442952752113342 77
1761510983519 0.6201342344284058 78
1761510984102 0.6492170095443726 79
1761510984668 0.6532438397407532 80
1761510985257 0.6519015431404114 81
1761510985831 0.6223713755607605 82
1761510986457 0.6308724880218506 83
1761510987027 0.6375839114189148 84
1761510987589 0.636241614818573 85
1761510988177 0.6241610646247864 86
1761510988738 0.6250559091567993 87
1761510989333 0.6277405023574829 88
1761510989895 0.6375839114189148 89
1761510990451 0.6161074042320251 90
1761510991009 0.6317673325538635 91
1761510991569 0.6331096291542053 92
1761510992155 0.6326621770858765 93
1761510992720 0.6147651076316833 94
1761510993291 0.6116331219673157 95
1761510993853 0.618791937828064 96
1761510994414 0.6384787559509277 97
1761510995010 0.6335570216178894 98
1761510995590 0.6232662200927734 99
1761510939223 0.41163310408592224 0
