1761510939223 1.085280418395996 0
1761510939821 1.0705338716506958 1
1761510940387 1.0644608736038208 2
1761510940997 1.0604681968688965 3
1761510941572 1.052646279335022 4
1761510942179 1.0413156747817993 5
1761510942752 1.0335562229156494 6
1761510943324 1.0263400077819824 7
1761510943884 1.0173516273498535 8
1761510944441 1.0064342021942139 9
1761510945018 0.9914061427116394 10
1761510945590 0.983308732509613 11
1761510946179 0.9737186431884766 12
1761510946745 0.9741239547729492 13
1761510947313 0.9614527821540833 14
1761510947873 0.9622450470924377 15
1761510948434 0.9469593167304993 16
1761510948992 0.9381361603736877 17
1761510949550 0.9367392659187317 18
1761510950115 0.9258723258972168 19
1761510950676 0.9323685765266418 20
1761510951235 0.9143649935722351 21
1761510951796 0.9118714332580566 22
1761510952355 0.9001256823539734 23
1761510952915 0.9277995824813843 24
1761510953477 0.9027633666992188 25
1761510954056 0.870578408241272 26
1761510954626 0.8971602916717529 27
1761510955211 0.8890296816825867 28
1761510955783 0.8626203536987305 29
1761510956356 0.8583769798278809 30
1761510956935 0.8661299347877502 31
1761510957501 0.8551825881004333 32
1761510958062 0.8656753897666931 33
1761510958623 0.8498961925506592 34
1761510959194 0.8528896570205688 35
1761510959757 0.8717417120933533 36
1761510960322 0.8575834631919861 37
1761510960888 0.9113298058509827 38
1761510961458 0.8548510670661926 39
1761510962019 0.8199780583381653 40
1761510962587 0.8619118332862854 41
1761510963158 0.8508525490760803 42
1761510963724 0.8100766539573669 43
1761510964285 0.8945920467376709 44
1761510964861 0.9101217985153198 45
1761510965420 0.8766602873802185 46
1761510965980 0.8312568068504333 47
1761510966541 0.8563074469566345 48
1761510967098 0.8756942749023438 49
1761510967658 0.8402919769287109 50
1761510968220 0.819299578666687 51
1761510968788 0.8415432572364807 52
1761510969354 0.8459101915359497 53
1761510969946 0.8703087568283081 54
1761510970511 0.8616008162498474 55
1761510971103 0.8744769096374512 56
1761510971669 0.8326756358146667 57
1761510972227 0.9109881520271301 58
1761510972781 0.8858377933502197 59
1761510973348 0.8755656480789185 60
1761510973904 0.8579370975494385 61
1761510974471 0.8672193884849548 62
1761510975033 1.0685123205184937 63
1761510975597 0.8612135648727417 64
1761510976154 0.8997033834457397 65
1761510976718 0.8756245374679565 66
1761510977278 0.9180793166160583 67
1761510977837 0.9181192517280579 68
1761510978400 0.8930755853652954 69
1761510978958 0.8217039108276367 70
1761510979522 0.9253047704696655 71
1761510980085 0.9207441806793213 72
1761510980644 0.8792392015457153 73
1761510981209 0.8542811870574951 74
1761510981766 1.0233854055404663 75
1761510982323 0.8892527222633362 76
1761510982955 0.9440944194793701 77
1761510983519 1.0425727367401123 78
1761510984102 0.908241331577301 79
1761510984668 0.8113327622413635 80
1761510985257 0.9192575216293335 81
1761510985831 1.0063295364379883 82
1761510986457 0.9837286472320557 83
1761510987027 0.8935583233833313 84
1761510987589 0.937106728553772 85
1761510988177 0.999316394329071 86
1761510988738 1.0714606046676636 87
1761510989333 1.058612585067749 88
1761510989895 1.0091133117675781 89
1761510990451 1.0427360534667969 90
1761510991009 0.9930964708328247 91
1761510991569 1.0045567750930786 92
1761510992155 1.0572509765625 93
1761510992720 1.1793394088745117 94
1761510993291 1.1556627750396729 95
1761510993853 1.14616060256958 96
1761510994414 0.9931606650352478 97
1761510995010 1.1146740913391113 98
1761510995590 1.1956360340118408 99
1761510939223 1.085280418395996 0
