1761437192935 0.38120806217193604 0
1761437193526 0.3856823146343231 1
1761437194098 0.39239373803138733 2
1761437194685 0.3968680202960968 3
1761437195280 0.39910513162612915 4
1761437195866 0.3986577093601227 5
1761437196453 0.4107382595539093 6
1761437197029 0.42416107654571533 7
1761437197620 0.4290827810764313 8
1761437198187 0.4326621890068054 9
1761437198755 0.4483221471309662 10
1761437199327 0.44474273920059204 11
1761437199893 0.44340044260025024 12
1761437200455 0.45458611845970154 13
1761437201033 0.4344519078731537 14
1761437201598 0.44340044260025024 15
1761437202174 0.4510067105293274 16
1761437202737 0.4568232595920563 17
1761437203303 0.4550335705280304 18
1761437203867 0.4492169916629791 19
1761437204437 0.4635346829891205 20
1761437205005 0.459060400724411 21
1761437205572 0.4662192463874817 22
1761437206139 0.4706934988498688 23
1761437206707 0.4648769497871399 24
1761437207264 0.4635346829891205 25
1761437207847 0.459060400724411 26
1761437208415 0.46979865431785583 27
1761437208978 0.4617449641227722 28
1761437209550 0.45011186599731445 29
1761437210112 0.4684563875198364 30
1761437210679 0.4648769497871399 31
1761437211254 0.45995524525642395 32
1761437211821 0.46935123205184937 33
1761437212391 0.4657718241214752 34
1761437212960 0.47337806224823 35
1761437213525 0.4648769497871399 36
1761437214141 0.4729306399822235 37
1761437214819 0.46935123205184937 38
1761437215383 0.4702460765838623 39
1761437215950 0.47382551431655884 40
1761437216509 0.46935123205184937 41
1761437217157 0.4706934988498688 42
1761437217721 0.4715883731842041 43
1761437218283 0.477404922246933 44
1761437218849 0.4742729365825653 45
1761437219412 0.477404922246933 46
1761437219970 0.48098433017730713 47
1761437220528 0.4787471890449524 48
1761437221089 0.46800893545150757 49
1761437192935 0.38120806217193604 0
