1761437192935 1.098352313041687 0
1761437193526 1.0879716873168945 1
1761437194098 1.0891542434692383 2
1761437194685 1.0836716890335083 3
1761437195280 1.084086298942566 4
1761437195866 1.084721326828003 5
1761437196453 1.0806915760040283 6
1761437197029 1.0763652324676514 7
1761437197620 1.0732622146606445 8
1761437198187 1.0675896406173706 9
1761437198755 1.0637174844741821 10
1761437199327 1.066625952720642 11
1761437199893 1.0638480186462402 12
1761437200455 1.0580981969833374 13
1761437201033 1.0637195110321045 14
1761437201598 1.0575929880142212 15
1761437202174 1.0572575330734253 16
1761437202737 1.0557281970977783 17
1761437203303 1.0577410459518433 18
1761437203867 1.0534653663635254 19
1761437204437 1.053830862045288 20
1761437205005 1.054154634475708 21
1761437205572 1.0526127815246582 22
1761437206139 1.0513211488723755 23
1761437206707 1.0506919622421265 24
1761437207264 1.0510382652282715 25
1761437207847 1.0511054992675781 26
1761437208415 1.0494377613067627 27
1761437208978 1.0497217178344727 28
1761437209550 1.0495092868804932 29
1761437210112 1.0492600202560425 30
1761437210679 1.0459187030792236 31
1761437211254 1.0470139980316162 32
1761437211821 1.0448238849639893 33
1761437212391 1.0431815385818481 34
1761437212960 1.0444533824920654 35
1761437213525 1.0446312427520752 36
1761437214141 1.0390113592147827 37
1761437214819 1.0414766073226929 38
1761437215383 1.0383027791976929 39
1761437215950 1.0392826795578003 40
1761437216509 1.0372836589813232 41
1761437217157 1.03812837600708 42
1761437217721 1.0356651544570923 43
1761437218283 1.036553978919983 44
1761437218849 1.0375484228134155 45
1761437219412 1.0352522134780884 46
1761437219970 1.0346814393997192 47
1761437220528 1.0347845554351807 48
1761437221089 1.0346953868865967 49
1761437192935 1.098352313041687 0
