1761435798444 0.4147650897502899 0
1761435798942 0.43087247014045715 1
1761435799424 0.4384787380695343 2
1761435799905 0.43892616033554077 3
1761435800386 0.4451901614665985 4
1761435800865 0.4438478648662567 5
1761435801344 0.45592841506004333 6
1761435801824 0.4577181339263916 7
1761435802302 0.46263980865478516 8
1761435802780 0.46398210525512695 9
1761435803259 0.46800893545150757 10
1761435803736 0.45861297845840454 11
1761435804217 0.4657718241214752 12
1761435804694 0.45413869619369507 13
1761435805169 0.46935123205184937 14
1761435805648 0.4595078229904175 15
1761435806126 0.459060400724411 16
1761435806603 0.4617449641227722 17
1761435807081 0.46711409091949463 18
1761435807557 0.4715883731842041 19
1761435808034 0.4675615131855011 20
1761435808515 0.463087260723114 21
1761435808997 0.4782997667789459 22
1761435809471 0.4706934988498688 23
1761435809947 0.46398210525512695 24
1761435810426 0.4657718241214752 25
1761435810906 0.4715883731842041 26
1761435811384 0.46532437205314636 27
1761435811865 0.4706934988498688 28
1761435812342 0.46666666865348816 29
1761435812817 0.47203579545021057 30
1761435813294 0.4702460765838623 31
1761435813774 0.46979865431785583 32
1761435814249 0.4662192463874817 33
1761435814727 0.47203579545021057 34
1761435815204 0.463087260723114 35
1761435815688 0.47248321771621704 36
1761435816165 0.48187920451164246 37
1761435816638 0.46398210525512695 38
1761435817119 0.4782997667789459 39
1761435817593 0.4662192463874817 40
1761435818071 0.4760626256465912 41
1761435818548 0.4782997667789459 42
1761435819028 0.4769574999809265 43
1761435819505 0.4702460765838623 44
1761435819980 0.46800893545150757 45
1761435820455 0.47337806224823 46
1761435820937 0.477404922246933 47
1761435821409 0.4648769497871399 48
1761435821890 0.4814317524433136 49
1761435798444 0.4147650897502899 0
