1761435798444 1.0811771154403687 0
1761435798942 1.0676164627075195 1
1761435799424 1.063266396522522 2
1761435799905 1.063111424446106 3
1761435800386 1.0555230379104614 4
1761435800865 1.0560402870178223 5
1761435801344 1.0507696866989136 6
1761435801824 1.0513265132904053 7
1761435802302 1.0505536794662476 8
1761435802780 1.048779010772705 9
1761435803259 1.0467780828475952 10
1761435803736 1.0473865270614624 11
1761435804217 1.0454816818237305 12
1761435804694 1.0437520742416382 13
1761435805169 1.041351318359375 14
1761435805648 1.0479286909103394 15
1761435806126 1.0433515310287476 16
1761435806603 1.0410364866256714 17
1761435807081 1.0394936800003052 18
1761435807557 1.0384231805801392 19
1761435808034 1.0399757623672485 20
1761435808515 1.0387505292892456 21
1761435808997 1.0377413034439087 22
1761435809471 1.0381602048873901 23
1761435809947 1.0380157232284546 24
1761435810426 1.0379256010055542 25
1761435810906 1.0340758562088013 26
1761435811384 1.0345982313156128 27
1761435811865 1.0362602472305298 28
1761435812342 1.0379364490509033 29
1761435812817 1.03573739528656 30
1761435813294 1.0370993614196777 31
1761435813774 1.0355746746063232 32
1761435814249 1.033276915550232 33
1761435814727 1.0347201824188232 34
1761435815204 1.034359335899353 35
1761435815688 1.0340605974197388 36
1761435816165 1.0329307317733765 37
1761435816638 1.033260464668274 38
1761435817119 1.0337939262390137 39
1761435817593 1.0325511693954468 40
1761435818071 1.0319825410842896 41
1761435818548 1.0287072658538818 42
1761435819028 1.0303797721862793 43
1761435819505 1.0311261415481567 44
1761435819980 1.0291271209716797 45
1761435820455 1.0291244983673096 46
1761435820937 1.0296802520751953 47
1761435821409 1.030790090560913 48
1761435821890 1.0286586284637451 49
1761435798444 1.0811771154403687 0
