1761437102552 0.3901565968990326 0
1761437103052 0.4214765131473541 1
1761437103556 0.42684563994407654 2
1761437104045 0.44340044260025024 3
1761437104537 0.4483221471309662 4
1761437105022 0.44474273920059204 5
1761437105510 0.4492169916629791 6
1761437106001 0.4568232595920563 7
1761437106488 0.46129754185676575 8
1761437106978 0.4617449641227722 9
1761437107464 0.4550335705280304 10
1761437107948 0.45413869619369507 11
1761437108438 0.46398210525512695 12
1761437108920 0.45413869619369507 13
1761437109399 0.4684563875198364 14
1761437109880 0.4635346829891205 15
1761437110360 0.4644295275211334 16
1761437110839 0.46666666865348816 17
1761437111326 0.4684563875198364 18
1761437111808 0.46666666865348816 19
1761437112292 0.4657718241214752 20
1761437112779 0.4635346829891205 21
1761437113265 0.4742729365825653 22
1761437113742 0.47337806224823 23
1761437114227 0.4715883731842041 24
1761437114709 0.47248321771621704 25
1761437115189 0.46711409091949463 26
1761437115671 0.46935123205184937 27
1761437116159 0.46979865431785583 28
1761437116644 0.46666666865348816 29
1761437117130 0.46711409091949463 30
1761437117624 0.4760626256465912 31
1761437118105 0.46666666865348816 32
1761437118583 0.46666666865348816 33
1761437119060 0.4706934988498688 34
1761437119542 0.4729306399822235 35
1761437120019 0.46979865431785583 36
1761437120494 0.46666666865348816 37
1761437120978 0.47785234451293945 38
1761437121452 0.4689038097858429 39
1761437121933 0.47651007771492004 40
1761437122415 0.4756152033805847 41
1761437122897 0.4796420633792877 42
1761437123376 0.4800894856452942 43
1761437123853 0.47516778111457825 44
1761437124331 0.47651007771492004 45
1761437124808 0.47382551431655884 46
1761437125285 0.46666666865348816 47
1761437125760 0.47651007771492004 48
1761437126236 0.4706934988498688 49
1761437102552 0.3901565968990326 0
