1761437102552 1.1157101392745972 0
1761437103052 1.075435996055603 1
1761437103556 1.068171739578247 2
1761437104045 1.0613666772842407 3
1761437104537 1.0571626424789429 4
1761437105022 1.0548350811004639 5
1761437105510 1.056339979171753 6
1761437106001 1.0497795343399048 7
1761437106488 1.0503849983215332 8
1761437106978 1.051095962524414 9
1761437107464 1.0477646589279175 10
1761437107948 1.049914002418518 11
1761437108438 1.0467426776885986 12
1761437108920 1.046567440032959 13
1761437109399 1.0459500551223755 14
1761437109880 1.043055534362793 15
1761437110360 1.043120265007019 16
1761437110839 1.0394521951675415 17
1761437111326 1.0440328121185303 18
1761437111808 1.0427114963531494 19
1761437112292 1.038981318473816 20
1761437112779 1.0400139093399048 21
1761437113265 1.0406931638717651 22
1761437113742 1.0411102771759033 23
1761437114227 1.0366569757461548 24
1761437114709 1.0381556749343872 25
1761437115189 1.0369588136672974 26
1761437115671 1.035889744758606 27
1761437116159 1.0355178117752075 28
1761437116644 1.0348632335662842 29
1761437117130 1.0348474979400635 30
1761437117624 1.035750389099121 31
1761437118105 1.0359176397323608 32
1761437118583 1.033991813659668 33
1761437119060 1.0352387428283691 34
1761437119542 1.0330884456634521 35
1761437120019 1.032625675201416 36
1761437120494 1.0351742506027222 37
1761437120978 1.0317881107330322 38
1761437121452 1.0369163751602173 39
1761437121933 1.0316766500473022 40
1761437122415 1.0323008298873901 41
1761437122897 1.0325654745101929 42
1761437123376 1.032881736755371 43
1761437123853 1.029852032661438 44
1761437124331 1.0298283100128174 45
1761437124808 1.0330804586410522 46
1761437125285 1.035756230354309 47
1761437125760 1.0299853086471558 48
1761437126236 1.0341683626174927 49
1761437102552 1.1157101392745972 0
