1761436493402 0.42013421654701233 0
1761436494220 0.45413869619369507 1
1761436495144 0.4782997667789459 2
1761436495986 0.4787471890449524 3
1761436496784 0.49709171056747437 4
1761436497569 0.5123042464256287 5
1761436498375 0.5109619498252869 6
1761436499178 0.5395973324775696 7
1761436499968 0.5427293181419373 8
1761436500775 0.5740492343902588 9
1761436501603 0.591498851776123 10
1761436502409 0.591051459312439 11
1761436503265 0.5968680381774902 12
1761436504124 0.6138702630996704 13
1761436504921 0.6308724880218506 14
1761436505717 0.6375839114189148 15
1761436506544 0.6684563755989075 16
1761436507323 0.6863534450531006 17
1761436508110 0.6751677989959717 18
1761436508898 0.7105145454406738 19
1761436509682 0.7293064594268799 20
1761436510476 0.7203579545021057 21
1761436511277 0.7315436005592346 22
1761436512057 0.7409396171569824 23
1761436512844 0.7713646292686462 24
1761436513638 0.7780760526657104 25
1761436514419 0.7753915190696716 26
1761436515209 0.7968680262565613 27
1761436516002 0.800447404384613 28
1761436516787 0.8178970813751221 29
1761436517577 0.8263981938362122 30
1761436518368 0.8058165311813354 31
1761436519153 0.836241602897644 32
1761436519943 0.8259508013725281 33
1761436520733 0.837136447429657 34
1761436521545 0.8774049282073975 35
1761436522340 0.8501118421554565 36
1761436523149 0.8738254904747009 37
1761436523936 0.8859060406684875 38
1761436524718 0.8805369138717651 39
1761436525498 0.8827740550041199 40
1761436526291 0.8850111961364746 41
1761436527079 0.8599552512168884 42
1761436527866 0.8818792104721069 43
1761436528653 0.8926174640655518 44
1761436529455 0.9020134210586548 45
1761436530266 0.927069365978241 46
1761436531056 0.9225950837135315 47
1761436531843 0.9127516746520996 48
1761436532633 0.9279642105102539 49
1761436493402 0.42013421654701233 0
