1761436493402 1.071019172668457 0
1761436494220 1.0574702024459839 1
1761436495144 1.042861819267273 2
1761436495986 1.0232948064804077 3
1761436496784 1.0113502740859985 4
1761436497569 0.9956145286560059 5
1761436498375 0.9826199412345886 6
1761436499178 0.9585926532745361 7
1761436499968 0.9477591514587402 8
1761436500775 0.9125619530677795 9
1761436501603 0.8935574293136597 10
1761436502409 0.8856446743011475 11
1761436503265 0.8652158975601196 12
1761436504124 0.8326688408851624 13
1761436504921 0.8123553395271301 14
1761436505717 0.7874550223350525 15
1761436506544 0.770225465297699 16
1761436507323 0.7236983180046082 17
1761436508110 0.7369738817214966 18
1761436508898 0.668290376663208 19
1761436509682 0.6519802808761597 20
1761436510476 0.6506990790367126 21
1761436511277 0.6250309944152832 22
1761436512057 0.6157606840133667 23
1761436512844 0.5680900812149048 24
1761436513638 0.5421274900436401 25
1761436514419 0.5662970542907715 26
1761436515209 0.513041615486145 27
1761436516002 0.5020691156387329 28
1761436516787 0.46428561210632324 29
1761436517577 0.43877798318862915 30
1761436518368 0.47667375206947327 31
1761436519153 0.41130807995796204 32
1761436519943 0.43037766218185425 33
1761436520733 0.41035518050193787 34
1761436521545 0.3348897397518158 35
1761436522340 0.39608392119407654 36
1761436523149 0.3390757739543915 37
1761436523936 0.3148493766784668 38
1761436524718 0.3055802881717682 39
1761436525498 0.32038483023643494 40
1761436526291 0.3061675429344177 41
1761436527079 0.38511213660240173 42
1761436527866 0.329632043838501 43
1761436528653 0.2901085615158081 44
1761436529455 0.2544570565223694 45
1761436530266 0.21749165654182434 46
1761436531056 0.20919707417488098 47
1761436531843 0.2577259838581085 48
1761436532633 0.22077463567256927 49
1761436493402 1.071019172668457 0
