1761512853718 0.395525723695755 0
1761512854265 0.4076062738895416 1
1761512854812 0.427293062210083 2
1761512855346 0.4165548086166382 3
1761512855878 0.43087247014045715 4
1761512856411 0.42818790674209595 5
1761512856939 0.441610723733902 6
1761512857466 0.41968679428100586 7
1761512857995 0.44026845693588257 8
1761512858524 0.4277404844760895 9
1761512859060 0.4563758373260498 10
1761512859591 0.44876956939697266 11
1761512860122 0.45413869619369507 12
1761512860654 0.4796420633792877 13
1761512861185 0.4715883731842041 14
1761512861726 0.47203579545021057 15
1761512862260 0.4868009090423584 16
1761512862790 0.4921700358390808 17
1761512863323 0.5087248086929321 18
1761512863851 0.4966442883014679 19
1761512864414 0.5051454305648804 20
1761512864950 0.5114094018936157 21
1761512865481 0.5395973324775696 22
1761512866013 0.5230425000190735 23
1761512866540 0.536912739276886 24
1761512867071 0.5324384570121765 25
1761512867605 0.5364653468132019 26
1761512868130 0.5400447249412537 27
1761512868660 0.5494407415390015 28
1761512869192 0.564653217792511 29
1761512869728 0.5592840909957886 30
1761512870262 0.5700223445892334 31
1761512870793 0.563758373260498 32
1761512871335 0.5776286125183105 33
1761512871865 0.5704697966575623 34
1761512872398 0.5906040072441101 35
1761512872930 0.5932886004447937 36
1761512873463 0.6040268540382385 37
1761512873997 0.5982102751731873 38
1761512874540 0.5919463038444519 39
1761512875069 0.5991051197052002 40
1761512875597 0.6102908253669739 41
1761512876128 0.6125279664993286 42
1761512876660 0.6246085166931152 43
1761512877192 0.6299776434898376 44
1761512877728 0.6295301914215088 45
1761512878259 0.6420581936836243 46
1761512878789 0.6348993182182312 47
1761512879318 0.6402684450149536 48
1761512879849 0.653691291809082 49
1761512880377 0.6496644020080566 50
1761512880910 0.6626397967338562 51
1761512881445 0.6608501076698303 52
1761512881974 0.6711409687995911 53
1761512882506 0.6774049401283264 54
1761512883048 0.6836689114570618 55
1761512883575 0.6863534450531006 56
1761512884103 0.6809843182563782 57
1761512884631 0.6899328827857971 58
1761512885159 0.6854586005210876 59
1761512885697 0.7020134329795837 60
1761512886235 0.690380334854126 61
1761512886766 0.7015659809112549 62
1761512887297 0.7020134329795837 63
1761512887822 0.7006711363792419 64
1761512888356 0.7078299522399902 65
1761512888891 0.7154362201690674 66
1761512889418 0.7145413756370544 67
1761512889949 0.717225968837738 68
1761512890484 0.7185682058334351 69
1761512891023 0.7257270812988281 70
1761512891559 0.7310962080955505 71
1761512892087 0.7297539114952087 72
1761512892616 0.7351230382919312 73
1761512893148 0.7248322367668152 74
1761512893679 0.7440716028213501 75
1761512894208 0.7463087439537048 76
1761512894737 0.7391498684883118 77
1761512895278 0.7440716028213501 78
1761512895809 0.7521252632141113 79
1761512896346 0.745861291885376 80
1761512896884 0.7592841386795044 81
1761512897416 0.7592841386795044 82
1761512897945 0.755257248878479 83
1761512898495 0.7543624043464661 84
1761512899030 0.7664429545402527 85
1761512899558 0.7628635168075562 86
1761512900094 0.764205813407898 87
1761512900626 0.7597315311431885 88
1761512901168 0.7812080383300781 89
1761512901703 0.772706925868988 90
1761512902238 0.7776286602020264 91
1761512902822 0.7847874760627747 92
1761512903410 0.7883669137954712 93
1761512903966 0.7803131937980652 94
1761512904512 0.7852349281311035 95
1761512905046 0.79105144739151 96
1761512905587 0.7834451794624329 97
1761512906148 0.7901566028594971 98
1761512906695 0.8049216866493225 99
1761512853718 0.395525723695755 0
