1761512853718 1.092238187789917 0
1761512854265 1.0759483575820923 1
1761512854812 1.0666180849075317 2
1761512855346 1.072877049446106 3
1761512855878 1.0635865926742554 4
1761512856411 1.0670218467712402 5
1761512856939 1.0596028566360474 6
1761512857466 1.0592503547668457 7
1761512857995 1.0504153966903687 8
1761512858524 1.0491734743118286 9
1761512859060 1.042556643486023 10
1761512859591 1.0398532152175903 11
1761512860122 1.0321862697601318 12
1761512860654 1.0260934829711914 13
1761512861185 1.01897394657135 14
1761512861726 1.0184640884399414 15
1761512862260 1.006636619567871 16
1761512862790 0.9981602430343628 17
1761512863323 0.9899756908416748 18
1761512863851 0.9879630208015442 19
1761512864414 0.9845626950263977 20
1761512864950 0.9777011871337891 21
1761512865481 0.9577698111534119 22
1761512866013 0.9651435017585754 23
1761512866540 0.9461789727210999 24
1761512867071 0.940152645111084 25
1761512867605 0.9348178505897522 26
1761512868130 0.9340883493423462 27
1761512868660 0.9269574880599976 28
1761512869192 0.9123040437698364 29
1761512869728 0.90728360414505 30
1761512870262 0.897303581237793 31
1761512870793 0.8892588019371033 32
1761512871335 0.8832261562347412 33
1761512871865 0.8798131346702576 34
1761512872398 0.8614108562469482 35
1761512872930 0.8619576096534729 36
1761512873463 0.8540937900543213 37
1761512873997 0.8426135182380676 38
1761512874540 0.8446816205978394 39
1761512875069 0.8324668407440186 40
1761512875597 0.825556755065918 41
1761512876128 0.8165040016174316 42
1761512876660 0.805098831653595 43
1761512877192 0.8009651303291321 44
1761512877728 0.7948082685470581 45
1761512878259 0.7860045433044434 46
1761512878789 0.7813499569892883 47
1761512879318 0.7806935906410217 48
1761512879849 0.7678574919700623 49
1761512880377 0.7695413827896118 50
1761512880910 0.7572788596153259 51
1761512881445 0.7532635927200317 52
1761512881974 0.7377737760543823 53
1761512882506 0.7325074076652527 54
1761512883048 0.7282569408416748 55
1761512883575 0.7228499054908752 56
1761512884103 0.7223138809204102 57
1761512884631 0.714172899723053 58
1761512885159 0.7080101370811462 59
1761512885697 0.6996309757232666 60
1761512886235 0.6983020901679993 61
1761512886766 0.6872876882553101 62
1761512887297 0.6833413243293762 63
1761512887822 0.6813006401062012 64
1761512888356 0.6765714287757874 65
1761512888891 0.6684828996658325 66
1761512889418 0.6640135049819946 67
1761512889949 0.6570481061935425 68
1761512890484 0.651710033416748 69
1761512891023 0.6499559283256531 70
1761512891559 0.6361984014511108 71
1761512892087 0.6359984278678894 72
1761512892616 0.6261278986930847 73
1761512893148 0.6280561685562134 74
1761512893679 0.617150604724884 75
1761512894208 0.6139804124832153 76
1761512894737 0.6097249388694763 77
1761512895278 0.6060667634010315 78
1761512895809 0.5982211828231812 79
1761512896346 0.5982856750488281 80
1761512896884 0.5795232057571411 81
1761512897416 0.5772278904914856 82
1761512897945 0.5791351199150085 83
1761512898495 0.5856356620788574 84
1761512899030 0.5700933933258057 85
1761512899558 0.5570579171180725 86
1761512900094 0.5581591129302979 87
1761512900626 0.5618645548820496 88
1761512901168 0.5432152152061462 89
1761512901703 0.5446480512619019 90
1761512902238 0.5390325784683228 91
1761512902822 0.5296790599822998 92
1761512903410 0.5320944786071777 93
1761512903966 0.5208436846733093 94
1761512904512 0.5216041803359985 95
1761512905046 0.5161293148994446 96
1761512905587 0.5197737812995911 97
1761512906148 0.5039069056510925 98
1761512906695 0.4997071325778961 99
1761512853718 1.092238187789917 0
