1761438736982 0.42022472620010376 0
1761438737584 0.44988763332366943 1
1761438738176 0.47191011905670166 2
1761438738759 0.490337073802948 3
1761438739336 0.5222471952438354 4
1761438739901 0.5357303619384766 5
1761438740471 0.5631460547447205 6
1761438741052 0.5640449523925781 7
1761438741622 0.6089887619018555 8
1761438742253 0.6386516690254211 9
1761438742881 0.6611235737800598 10
1761438743454 0.6907865405082703 11
1761438744034 0.7375280857086182 12
1761438744626 0.7752808928489685 13
1761438745238 0.7739325761795044 14
1761438745832 0.8197752833366394 15
1761438746393 0.8373034000396729 16
1761438746972 0.8328089714050293 17
1761438747539 0.8629213571548462 18
1761438748105 0.8764045238494873 19
1761438748674 0.8853932619094849 20
1761438749296 0.8952808976173401 21
1761438749908 0.8907865285873413 22
1761438750489 0.9110112190246582 23
1761438751054 0.9195505380630493 24
1761438751619 0.91325843334198 25
1761438752180 0.9173033833503723 26
1761438752766 0.9262921214103699 27
1761438753320 0.9249438047409058 28
1761438753907 0.9303370714187622 29
1761438754483 0.934831440448761 30
1761438755071 0.9280899167060852 31
1761438755662 0.9379775524139404 32
1761438756276 0.9339326024055481 33
1761438756867 0.9478651881217957 34
1761438757438 0.9492135047912598 35
1761438757995 0.9492135047912598 36
1761438758556 0.9375280737876892 37
1761438759113 0.9447190761566162 38
1761438759675 0.9555056095123291 39
1761438760227 0.9528089761734009 40
1761438760782 0.9532584547996521 41
1761438761331 0.9501123428344727 42
1761438761884 0.9550561904907227 43
1761438762451 0.9442696571350098 44
1761438763009 0.951910138130188 45
1761438763561 0.9564045071601868 46
1761438764119 0.9635955095291138 47
1761438764676 0.9559550285339355 48
1761438765231 0.9573033452033997 49
1761438736982 0.42022472620010376 0
