1761438736982 1.073272466659546 0
1761438737584 1.0458570718765259 1
1761438738176 1.0325525999069214 2
1761438738759 1.0157076120376587 3
1761438739336 0.995842695236206 4
1761438739901 0.9709228873252869 5
1761438740471 0.9399716854095459 6
1761438741052 0.9367004036903381 7
1761438741622 0.8735367655754089 8
1761438742253 0.8306436538696289 9
1761438742881 0.7741734981536865 10
1761438743454 0.7148590087890625 11
1761438744034 0.6484335660934448 12
1761438744626 0.5673123002052307 13
1761438745238 0.5228117108345032 14
1761438745832 0.4561833441257477 15
1761438746393 0.4062674939632416 16
1761438746972 0.4001329243183136 17
1761438747539 0.35016143321990967 18
1761438748105 0.3127915859222412 19
1761438748674 0.3014277219772339 20
1761438749296 0.27635204792022705 21
1761438749908 0.2783205807209015 22
1761438750489 0.23623165488243103 23
1761438751054 0.22675460577011108 24
1761438751619 0.2274918407201767 25
1761438752180 0.21672970056533813 26
1761438752766 0.1944107562303543 27
1761438753320 0.20155364274978638 28
1761438753907 0.18395887315273285 29
1761438754483 0.17396196722984314 30
1761438755071 0.18690305948257446 31
1761438755662 0.17538316547870636 32
1761438756276 0.16485388576984406 33
1761438756867 0.15208864212036133 34
1761438757438 0.15008164942264557 35
1761438757995 0.14176809787750244 36
1761438758556 0.16013263165950775 37
1761438759113 0.14472858607769012 38
1761438759675 0.13132794201374054 39
1761438760227 0.1268560141324997 40
1761438760782 0.12450935691595078 41
1761438761331 0.13391242921352386 42
1761438761884 0.1279132217168808 43
1761438762451 0.14344805479049683 44
1761438763009 0.12920741736888885 45
1761438763561 0.11783304810523987 46
1761438764119 0.10756628960371017 47
1761438764676 0.1092648133635521 48
1761438765231 0.11252999305725098 49
1761438736982 1.073272466659546 0
