1761438101099 0.38344520330429077 0
1761438101698 0.37718120217323303 1
1761438102344 0.3816554844379425 2
1761438102937 0.3901565968990326 3
1761438103510 0.39328858256340027 4
1761438104076 0.40178969502449036 5
1761438104644 0.40894854068756104 6
1761438105214 0.4286353588104248 7
1761438105780 0.43937361240386963 8
1761438106344 0.4536912739276886 9
1761438106913 0.45324385166168213 10
1761438107478 0.45458611845970154 11
1761438108039 0.449664443731308 12
1761438108600 0.45413869619369507 13
1761438109164 0.4568232595920563 14
1761438109731 0.4563758373260498 15
1761438110294 0.463087260723114 16
1761438110886 0.45413869619369507 17
1761438111475 0.45548099279403687 18
1761438112042 0.4648769497871399 19
1761438112612 0.4635346829891205 20
1761438113171 0.45861297845840454 21
1761438113736 0.45548099279403687 22
1761438114303 0.46532437205314636 23
1761438114873 0.4617449641227722 24
1761438115433 0.4684563875198364 25
1761438115998 0.4617449641227722 26
1761438116565 0.46666666865348816 27
1761438117133 0.4617449641227722 28
1761438117703 0.4662192463874817 29
1761438118269 0.45458611845970154 30
1761438118835 0.46263980865478516 31
1761438119398 0.45995524525642395 32
1761438119959 0.4648769497871399 33
1761438120523 0.4715883731842041 34
1761438121085 0.4648769497871399 35
1761438121648 0.4747203588485718 36
1761438122219 0.46711409091949463 37
1761438122780 0.47382551431655884 38
1761438123343 0.47651007771492004 39
1761438123905 0.4742729365825653 40
1761438124469 0.4747203588485718 41
1761438125034 0.477404922246933 42
1761438125593 0.4635346829891205 43
1761438126158 0.4702460765838623 44
1761438126722 0.47651007771492004 45
1761438127286 0.4729306399822235 46
1761438127853 0.48187920451164246 47
1761438128417 0.477404922246933 48
1761438128976 0.4729306399822235 49
1761438101099 0.38344520330429077 0
