1761438101099 1.0896137952804565 0
1761438101698 1.0877915620803833 1
1761438102344 1.09297776222229 2
1761438102937 1.0826928615570068 3
1761438103510 1.085734248161316 4
1761438104076 1.0813298225402832 5
1761438104644 1.076925277709961 6
1761438105214 1.07293701171875 7
1761438105780 1.0680153369903564 8
1761438106344 1.0645990371704102 9
1761438106913 1.0623964071273804 10
1761438107478 1.0585274696350098 11
1761438108039 1.0614875555038452 12
1761438108600 1.0563740730285645 13
1761438109164 1.0578947067260742 14
1761438109731 1.055281162261963 15
1761438110294 1.055795431137085 16
1761438110886 1.0555788278579712 17
1761438111475 1.0595853328704834 18
1761438112042 1.053939700126648 19
1761438112612 1.0531612634658813 20
1761438113171 1.0527613162994385 21
1761438113736 1.055058479309082 22
1761438114303 1.052933692932129 23
1761438114873 1.0503004789352417 24
1761438115433 1.049153208732605 25
1761438115998 1.0496695041656494 26
1761438116565 1.04902982711792 27
1761438117133 1.048467755317688 28
1761438117703 1.0470633506774902 29
1761438118269 1.0506927967071533 30
1761438118835 1.0487754344940186 31
1761438119398 1.048229455947876 32
1761438119959 1.0457158088684082 33
1761438120523 1.0443830490112305 34
1761438121085 1.0430958271026611 35
1761438121648 1.0411272048950195 36
1761438122219 1.042654275894165 37
1761438122780 1.0413066148757935 38
1761438123343 1.0381858348846436 39
1761438123905 1.0388576984405518 40
1761438124469 1.039326548576355 41
1761438125034 1.0367635488510132 42
1761438125593 1.0384966135025024 43
1761438126158 1.0333517789840698 44
1761438126722 1.0397570133209229 45
1761438127286 1.0353524684906006 46
1761438127853 1.0345314741134644 47
1761438128417 1.0334528684616089 48
1761438128976 1.0353851318359375 49
1761438101099 1.0896137952804565 0
