1761512800035 0.40894854068756104 0
1761512800615 0.3986577093601227 1
1761512801110 0.39731544256210327 2
1761512801644 0.4076062738895416 3
1761512802134 0.39910513162612915 4
1761512802620 0.39731544256210327 5
1761512803091 0.3897091746330261 6
1761512803626 0.39373600482940674 7
1761512804145 0.3941834568977356 8
1761512804610 0.39731544256210327 9
1761512805088 0.3758389353752136 10
1761512805583 0.37807607650756836 11
1761512806083 0.4000000059604645 12
1761512806605 0.3901565968990326 13
1761512807077 0.40715882182121277 14
1761512807544 0.38791945576667786 15
1761512808015 0.37404921650886536 16
1761512808492 0.38344520330429077 17
1761512808981 0.3914988934993744 18
1761512809474 0.3704698085784912 19
1761512810010 0.36733779311180115 20
1761512810532 0.3789709210395813 21
1761512811070 0.37718120217323303 22
1761512811554 0.3762863576412201 23
1761512812029 0.39105144143104553 24
1761512812502 0.386129766702652 25
1761512812970 0.3816554844379425 26
1761512813450 0.38255032896995544 27
1761512813916 0.3718120753765106 28
1761512814399 0.35033556818962097 29
1761512814924 0.3736017942428589 30
1761512815490 0.35883668065071106 31
1761512815972 0.37673377990722656 32
1761512816451 0.38120806217193604 33
1761512816927 0.3682326674461365 34
1761512817403 0.3695749342441559 35
1761512817871 0.36420580744743347 36
1761512818350 0.36152124404907227 37
1761512818819 0.3624161183834076 38
1761512819286 0.36733779311180115 39
1761512819760 0.3682326674461365 40
1761512820230 0.3722594976425171 41
1761512820705 0.3597315549850464 42
1761512821181 0.3668903708457947 43
1761512821682 0.38344520330429077 44
1761512822212 0.3583892583847046 45
1761512822718 0.37673377990722656 46
1761512823241 0.37807607650756836 47
1761512823725 0.36465322971343994 48
1761512824195 0.3668903708457947 49
1761512824666 0.35480985045433044 50
1761512825153 0.3557046949863434 51
1761512825622 0.36286354064941406 52
1761512826100 0.36554810404777527 53
1761512826577 0.36196866631507874 54
1761512827064 0.37136465311050415 55
1761512827582 0.3718120753765106 56
1761512828056 0.36465322971343994 57
1761512828566 0.34630873799324036 58
1761512829062 0.3579418361186981 59
1761512829539 0.3539149761199951 60
1761512830019 0.37941834330558777 61
1761512830489 0.37404921650886536 62
1761512830961 0.363758385181427 63
1761512831439 0.3762863576412201 64
1761512831918 0.3472035825252533 65
1761512832393 0.34899330139160156 66
1761512832864 0.36554810404777527 67
1761512833341 0.33557048439979553 68
1761512833812 0.36420580744743347 69
1761512834285 0.3718120753765106 70
1761512834767 0.3668903708457947 71
1761512835243 0.35749441385269165 72
1761512835714 0.3731543719768524 73
1761512836197 0.336017906665802 74
1761512836679 0.3579418361186981 75
1761512837168 0.3583892583847046 76
1761512837653 0.3579418361186981 77
1761512838130 0.37852349877357483 78
1761512838608 0.3704698085784912 79
1761512839092 0.3472035825252533 80
1761512839577 0.34362417459487915 81
1761512840072 0.3883668780326843 82
1761512840557 0.3624161183834076 83
1761512841038 0.35749441385269165 84
1761512841517 0.37404921650886536 85
1761512841995 0.33825504779815674 86
1761512842468 0.3539149761199951 87
1761512842944 0.34944072365760803 88
1761512843414 0.36778524518013 89
1761512843888 0.35167786478996277 90
1761512844359 0.3695749342441559 91
1761512844827 0.36196866631507874 92
1761512845302 0.3557046949863434 93
1761512845777 0.3610738217830658 94
1761512846268 0.35078299045562744 95
1761512846744 0.3391498923301697 96
1761512847218 0.3606263995170593 97
1761512847688 0.35883668065071106 98
1761512848162 0.3718120753765106 99
1761512800035 0.40894854068756104 0
