1761512800035 1.1092219352722168 0
1761512800615 1.101187825202942 1
1761512801110 1.0897241830825806 2
1761512801644 1.0833793878555298 3
1761512802134 1.1019717454910278 4
1761512802620 1.0885512828826904 5
1761512803091 1.1123321056365967 6
1761512803626 1.1005468368530273 7
1761512804145 1.1109585762023926 8
1761512804610 1.1071299314498901 9
1761512805088 1.1277772188186646 10
1761512805583 1.1188689470291138 11
1761512806083 1.1292626857757568 12
1761512806605 1.1362797021865845 13
1761512807077 1.1346055269241333 14
1761512807544 1.1627154350280762 15
1761512808015 1.1642929315567017 16
1761512808492 1.1880921125411987 17
1761512808981 1.2233099937438965 18
1761512809474 1.2525922060012817 19
1761512810010 1.279848575592041 20
1761512810532 1.1989662647247314 21
1761512811070 1.239249348640442 22
1761512811554 1.3014651536941528 23
1761512812029 1.2299031019210815 24
1761512812502 1.2034578323364258 25
1761512812970 1.2316616773605347 26
1761512813450 1.2221145629882812 27
1761512813916 1.2858500480651855 28
1761512814399 1.4414030313491821 29
1761512814924 1.3622809648513794 30
1761512815490 1.2580792903900146 31
1761512815972 1.3397701978683472 32
1761512816451 1.4128570556640625 33
1761512816927 1.3963894844055176 34
1761512817403 1.3522313833236694 35
1761512817871 1.6908915042877197 36
1761512818350 1.431065559387207 37
1761512818819 1.447090983390808 38
1761512819286 1.7926042079925537 39
1761512819760 1.8048396110534668 40
1761512820230 1.5898501873016357 41
1761512820705 1.9246459007263184 42
1761512821181 1.473134994506836 43
1761512821682 1.507493257522583 44
1761512822212 1.3485108613967896 45
1761512822718 1.5247554779052734 46
1761512823241 1.5528515577316284 47
1761512823725 1.446303129196167 48
1761512824195 2.0424766540527344 49
1761512824666 1.9592357873916626 50
1761512825153 1.8219361305236816 51
1761512825622 1.482606053352356 52
1761512826100 1.6803314685821533 53
1761512826577 1.6653884649276733 54
1761512827064 1.766377568244934 55
1761512827582 1.729697585105896 56
1761512828056 1.6956391334533691 57
1761512828566 2.150055170059204 58
1761512829062 1.79619562625885 59
1761512829539 2.2739510536193848 60
1761512830019 1.8970906734466553 61
1761512830489 1.6784464120864868 62
1761512830961 1.8422434329986572 63
1761512831439 1.8186794519424438 64
1761512831918 2.1520602703094482 65
1761512832393 2.076145887374878 66
1761512832864 2.060072660446167 67
1761512833341 2.1800777912139893 68
1761512833812 2.15049409866333 69
1761512834285 2.385481595993042 70
1761512834767 1.8704451322555542 71
1761512835243 2.566776990890503 72
1761512835714 1.866167664527893 73
1761512836197 2.4431397914886475 74
1761512836679 2.3278708457946777 75
1761512837168 1.9061956405639648 76
1761512837653 2.2122631072998047 77
1761512838130 2.5142297744750977 78
1761512838608 2.3914215564727783 79
1761512839092 2.7309441566467285 80
1761512839577 2.741154909133911 81
1761512840072 2.569450616836548 82
1761512840557 2.4036827087402344 83
1761512841038 1.987960934638977 84
1761512841517 2.2816920280456543 85
1761512841995 2.9244225025177 86
1761512842468 2.8982350826263428 87
1761512842944 2.0179708003997803 88
1761512843414 3.156853437423706 89
1761512843888 3.723785638809204 90
1761512844359 3.5197794437408447 91
1761512844827 2.6960813999176025 92
1761512845302 3.0256600379943848 93
1761512845777 2.1626410484313965 94
1761512846268 3.1289122104644775 95
1761512846744 3.7693629264831543 96
1761512847218 2.6851415634155273 97
1761512847688 2.3864970207214355 98
1761512848162 2.367373466491699 99
1761512800035 1.1092219352722168 0
