1761380573321 0.3762863576412201 0
1761380573888 0.3982102870941162 1
1761380574448 0.4035794138908386 2
1761380575004 0.42416107654571533 3
1761380575559 0.413870245218277 4
1761380576116 0.4120805263519287 5
1761380576682 0.41968679428100586 6
1761380577241 0.41834452748298645 7
1761380577798 0.4107382595539093 8
1761380578364 0.41700223088264465 9
1761380578931 0.43221476674079895 10
1761380579487 0.4246084988117218 11
1761380580046 0.4384787380695343 12
1761380580613 0.4442952871322632 13
1761380581172 0.4384787380695343 14
1761380581730 0.4371364712715149 15
1761380582289 0.4299776256084442 16
1761380582891 0.41968679428100586 17
1761380583461 0.4438478648662567 18
1761380584015 0.4299776256084442 19
1761380584569 0.4411633014678955 20
1761380585124 0.44608500599861145 21
1761380585678 0.4398210346698761 22
1761380586235 0.4366890490055084 23
1761380586793 0.43803131580352783 24
1761380587348 0.4469798803329468 25
1761380587905 0.4465324282646179 26
1761380588457 0.43489933013916016 27
1761380589008 0.4326621890068054 28
1761380589555 0.4340044856071472 29
1761380590105 0.42505592107772827 30
1761380590662 0.4425055980682373 31
1761380591217 0.4425055980682373 32
1761380591769 0.4411633014678955 33
1761380592321 0.4371364712715149 34
1761380592875 0.42416107654571533 35
1761380593424 0.44608500599861145 36
1761380593978 0.4411633014678955 37
1761380594526 0.43803131580352783 38
1761380595077 0.4366890490055084 39
1761380595634 0.4568232595920563 40
1761380596186 0.445637583732605 41
1761380596740 0.4483221471309662 42
1761380597289 0.4371364712715149 43
1761380597838 0.45011186599731445 44
1761380598379 0.44071587920188904 45
1761380598934 0.44071587920188904 46
1761380599497 0.4353467524051666 47
1761380600049 0.4398210346698761 48
1761380600602 0.4344519078731537 49
1761380573321 0.3762863576412201 0
