1761380573321 1.151103138923645 0
1761380573888 1.1054248809814453 1
1761380574448 1.0987752676010132 2
1761380575004 1.0799020528793335 3
1761380575559 1.0789308547973633 4
1761380576116 1.0701237916946411 5
1761380576682 1.0737755298614502 6
1761380577241 1.0763444900512695 7
1761380577798 1.0672333240509033 8
1761380578364 1.0657955408096313 9
1761380578931 1.0688731670379639 10
1761380579487 1.0666735172271729 11
1761380580046 1.0650391578674316 12
1761380580613 1.0604898929595947 13
1761380581172 1.0631729364395142 14
1761380581730 1.0598409175872803 15
1761380582289 1.0620992183685303 16
1761380582891 1.0655452013015747 17
1761380583461 1.0623987913131714 18
1761380584015 1.0610065460205078 19
1761380584569 1.0627453327178955 20
1761380585124 1.0576733350753784 21
1761380585678 1.057040810585022 22
1761380586235 1.0645182132720947 23
1761380586793 1.060746431350708 24
1761380587348 1.0562052726745605 25
1761380587905 1.0566341876983643 26
1761380588457 1.0610499382019043 27
1761380589008 1.0560946464538574 28
1761380589555 1.0627421140670776 29
1761380590105 1.0610910654067993 30
1761380590662 1.0568716526031494 31
1761380591217 1.0602012872695923 32
1761380591769 1.0587034225463867 33
1761380592321 1.0545986890792847 34
1761380592875 1.0588895082473755 35
1761380593424 1.0510109663009644 36
1761380593978 1.0604640245437622 37
1761380594526 1.0559232234954834 38
1761380595077 1.0522642135620117 39
1761380595634 1.0485581159591675 40
1761380596186 1.0578995943069458 41
1761380596740 1.049640417098999 42
1761380597289 1.05679452419281 43
1761380597838 1.050737977027893 44
1761380598379 1.0559675693511963 45
1761380598934 1.0573551654815674 46
1761380599497 1.057687759399414 47
1761380600049 1.05449640750885 48
1761380600602 1.0567179918289185 49
1761380573321 1.151103138923645 0
