1761381939418 0.41834452748298645 0
1761381940875 0.45592841506004333 1
1761381942264 0.4563758373260498 2
1761381943657 0.46263980865478516 3
1761381945055 0.463087260723114 4
1761381946450 0.45816555619239807 5
1761381947842 0.4899328947067261 6
1761381949240 0.48501119017601013 7
1761381950614 0.4894854724407196 8
1761381951973 0.4796420633792877 9
1761381953325 0.4854586124420166 10
1761381954700 0.48053690791130066 11
1761381956059 0.4782997667789459 12
1761381957424 0.494854599237442 13
1761381958799 0.48903802037239075 14
1761381960158 0.4975391626358032 15
1761381961540 0.49172258377075195 16
1761381962903 0.5024608373641968 17
1761381964257 0.48590603470802307 18
1761381965621 0.4841163456439972 19
1761381967115 0.5212528109550476 20
1761381968528 0.5042505860328674 21
1761381969938 0.5172259211540222 22
1761381971370 0.49574944376945496 23
1761381972893 0.5015659928321838 24
1761381974321 0.5239373445510864 25
1761381975690 0.509172260761261 26
1761381977052 0.5051454305648804 27
1761381978423 0.5131990909576416 28
1761381979789 0.5136465430259705 29
1761381981241 0.5020134449005127 30
1761381982614 0.5109619498252869 31
1761381984031 0.5167785286903381 32
1761381985442 0.5100671052932739 33
1761381986832 0.5064876675605774 34
