1761381939418 3.124807596206665 0
1761381940875 2.7468552589416504 1
1761381942264 2.718369722366333 2
1761381943657 2.5282373428344727 3
1761381945055 2.4849164485931396 4
1761381946450 2.6627109050750732 5
1761381947842 2.3931121826171875 6
1761381949240 2.424398899078369 7
1761381950614 2.244442939758301 8
1761381951973 2.3504879474639893 9
1761381953325 2.316664695739746 10
1761381954700 2.3266313076019287 11
1761381956059 2.282597780227661 12
1761381957424 2.2145943641662598 13
1761381958799 2.256566047668457 14
1761381960158 2.2385878562927246 15
1761381961540 2.184908151626587 16
1761381962903 2.1661412715911865 17
1761381964257 2.2126893997192383 18
1761381965621 2.1610324382781982 19
1761381967115 2.055907964706421 20
1761381968528 2.0999183654785156 21
1761381969938 1.9951987266540527 22
1761381971370 2.125166177749634 23
1761381972893 2.086660861968994 24
1761381974321 1.976217269897461 25
1761381975690 1.9684895277023315 26
1761381977052 2.047947406768799 27
1761381978423 1.9242870807647705 28
1761381979789 1.87216317653656 29
1761381981241 2.0529565811157227 30
1761381982614 1.9979734420776367 31
1761381984031 1.9180281162261963 32
1761381985442 1.9184943437576294 33
1761381986832 1.8859429359436035 34
