1761440040996 0.3798206150531769 0
1761440041586 0.3932735323905945 1
1761440042217 0.39820626378059387 2
1761440042785 0.4035874307155609 3
1761440043359 0.42331838607788086 4
1761440043929 0.43318384885787964 5
1761440044498 0.4286995530128479 6
1761440045056 0.4251120984554291 7
1761440045625 0.4529148042201996 8
1761440046199 0.4690583050251007 9
1761440046767 0.4847533702850342 10
1761440047330 0.4892376661300659 11
1761440047897 0.5161435008049011 12
1761440048459 0.5426008701324463 13
1761440049024 0.5623318552970886 14
1761440049589 0.5771300196647644 15
1761440050183 0.6040358543395996 16
1761440050775 0.6269058585166931 17
1761440051345 0.628699541091919 18
1761440051911 0.6479820609092712 19
1761440052479 0.6551569700241089 20
1761440053044 0.689237654209137 21
1761440053614 0.708071768283844 22
1761440054182 0.7251120805740356 23
1761440054758 0.731838583946228 24
1761440055328 0.7457399368286133 25
1761440055899 0.7506726384162903 26
1761440056469 0.7793722152709961 27
1761440057039 0.786547064781189 28
1761440057604 0.7914798259735107 29
1761440058168 0.7838565111160278 30
1761440058734 0.810762345790863 31
1761440059304 0.8179371953010559 32
1761440059870 0.8147982358932495 33
1761440060436 0.84215247631073 34
1761440060999 0.8372197151184082 35
1761440061564 0.8201793432235718 36
1761440062126 0.8488789200782776 37
1761440062689 0.8573991060256958 38
1761440063253 0.847533643245697 39
1761440063821 0.8399103283882141 40
1761440064386 0.8488789200782776 41
1761440064950 0.8542600870132446 42
1761440065513 0.8730941414833069 43
1761440066073 0.8905829787254333 44
1761440066639 0.883856475353241 45
1761440067204 0.897309422492981 46
1761440067778 0.8919282555580139 47
1761440068369 0.8977578282356262 48
1761440068947 0.902690589427948 49
1761440040996 0.3798206150531769 0
