1761440040996 1.0925440788269043 0
1761440041586 1.0842323303222656 1
1761440042217 1.080596685409546 2
1761440042785 1.074852466583252 3
1761440043359 1.0689891576766968 4
1761440043929 1.0609421730041504 5
1761440044498 1.0565305948257446 6
1761440045056 1.0536561012268066 7
1761440045625 1.043005347251892 8
1761440046199 1.0341076850891113 9
1761440046767 1.016478180885315 10
1761440047330 0.9994669556617737 11
1761440047897 0.9788795113563538 12
1761440048459 0.9490290284156799 13
1761440049024 0.925687313079834 14
1761440049589 0.9099401831626892 15
1761440050183 0.8556191325187683 16
1761440050775 0.828348696231842 17
1761440051345 0.8002867698669434 18
1761440051911 0.7763671875 19
1761440052479 0.756580114364624 20
1761440053044 0.7030670046806335 21
1761440053614 0.6733184456825256 22
1761440054182 0.6326920986175537 23
1761440054758 0.6224576830863953 24
1761440055328 0.6006924510002136 25
1761440055899 0.5817956924438477 26
1761440056469 0.5325731635093689 27
1761440057039 0.5240026116371155 28
1761440057604 0.48937150835990906 29
1761440058168 0.5009223222732544 30
1761440058734 0.4562855064868927 31
1761440059304 0.45223066210746765 32
1761440059870 0.4456121623516083 33
1761440060436 0.4074024260044098 34
1761440060999 0.399543821811676 35
1761440061564 0.4147860109806061 36
1761440062126 0.36977845430374146 37
1761440062689 0.3601852059364319 38
1761440063253 0.3748845160007477 39
1761440063821 0.36999136209487915 40
1761440064386 0.3632717430591583 41
1761440064950 0.35076016187667847 42
1761440065513 0.3182465434074402 43
1761440066073 0.2922021746635437 44
1761440066639 0.292863130569458 45
1761440067204 0.27120721340179443 46
1761440067778 0.28383487462997437 47
1761440068369 0.27055269479751587 48
1761440068947 0.25354626774787903 49
1761440040996 1.0925440788269043 0
