1761511076737 0.3843400478363037 0
1761511077356 0.40447425842285156 1
1761511077963 0.399552583694458 2
1761511078545 0.41565996408462524 3
1761511079112 0.40715882182121277 4
1761511079671 0.4134228229522705 5
1761511080246 0.41565996408462524 6
1761511080863 0.4147650897502899 7
1761511081429 0.4053691327571869 8
1761511082004 0.40894854068756104 9
1761511082606 0.41029083728790283 10
1761511083199 0.41163310408592224 11
1761511083772 0.4205816686153412 12
1761511084416 0.4080536961555481 13
1761511085141 0.40626397728919983 14
1761511085788 0.4152125418186188 15
1761511086439 0.42102909088134766 16
1761511087024 0.4147650897502899 17
1761511087673 0.4152125418186188 18
1761511088256 0.42013421654701233 19
1761511088833 0.4147650897502899 20
1761511089498 0.4246084988117218 21
1761511090231 0.4277404844760895 22
1761511091013 0.42013421654701233 23
1761511091757 0.4174496531486511 24
1761511092389 0.41968679428100586 25
1761511093026 0.42102909088134766 26
1761511093597 0.427293062210083 27
1761511094160 0.4219239354133606 28
1761511094718 0.42371365427970886 29
1761511095273 0.4205816686153412 30
1761511095836 0.41565996408462524 31
1761511096393 0.4277404844760895 32
1761511096951 0.413870245218277 33
1761511097503 0.42281877994537354 34
1761511098057 0.4277404844760895 35
1761511098609 0.4246084988117218 36
1761511099175 0.42639821767807007 37
1761511099768 0.4286353588104248 38
1761511100328 0.4259507954120636 39
1761511100891 0.42818790674209595 40
1761511101465 0.42639821767807007 41
1761511102050 0.4214765131473541 42
1761511102608 0.4214765131473541 43
1761511103195 0.431319922208786 44
1761511103774 0.4232662320137024 45
1761511104338 0.4304250478744507 46
1761511105002 0.43489933013916016 47
1761511105567 0.4304250478744507 48
1761511106124 0.42818790674209595 49
1761511106679 0.43937361240386963 50
1761511107238 0.4317673444747925 51
1761511107799 0.43221476674079895 52
1761511108358 0.4344519078731537 53
1761511108913 0.4340044856071472 54
1761511109466 0.441610723733902 55
1761511110030 0.445637583732605 56
1761511110587 0.4425055980682373 57
1761511111220 0.43892616033554077 58
1761511111810 0.44742730259895325 59
1761511112385 0.44340044260025024 60
1761511112951 0.43937361240386963 61
1761511113554 0.445637583732605 62
1761511114125 0.4353467524051666 63
1761511114707 0.44205817580223083 64
1761511115284 0.45413869619369507 65
1761511115912 0.45011186599731445 66
1761511116657 0.46129754185676575 67
1761511117341 0.4608501195907593 68
1761511117953 0.45279642939567566 69
1761511118517 0.45592841506004333 70
1761511119082 0.4604026973247528 71
1761511119650 0.46129754185676575 72
1761511120256 0.4604026973247528 73
1761511120842 0.47203579545021057 74
1761511121405 0.4657718241214752 75
1761511121966 0.4675615131855011 76
1761511122527 0.4769574999809265 77
1761511123088 0.4595078229904175 78
1761511123669 0.45816555619239807 79
1761511124242 0.46800893545150757 80
1761511124808 0.4675615131855011 81
1761511125371 0.47382551431655884 82
1761511125957 0.47114095091819763 83
1761511126529 0.47516778111457825 84
1761511127111 0.477404922246933 85
1761511127715 0.4796420633792877 86
1761511128343 0.48769575357437134 87
1761511128927 0.4841163456439972 88
1761511129505 0.47785234451293945 89
1761511130093 0.4881431758403778 90
1761511130757 0.48635345697402954 91
1761511131327 0.49038031697273254 92
1761511131902 0.4966442883014679 93
1761511132486 0.4881431758403778 94
1761511133072 0.48187920451164246 95
1761511133633 0.4939597249031067 96
1761511134235 0.4935123026371002 97
1761511134829 0.49172258377075195 98
1761511135404 0.49306488037109375 99
1761511076737 0.3843400478363037 0
