1761511076737 1.103224754333496 0
1761511077356 1.0938162803649902 1
1761511077963 1.0934489965438843 2
1761511078545 1.0860565900802612 3
1761511079112 1.0883790254592896 4
1761511079671 1.084981918334961 5
1761511080246 1.0851892232894897 6
1761511080863 1.0830912590026855 7
1761511081429 1.0879353284835815 8
1761511082004 1.0861698389053345 9
1761511082606 1.0829278230667114 10
1761511083199 1.0791622400283813 11
1761511083772 1.078305721282959 12
1761511084416 1.083639144897461 13
1761511085141 1.0806729793548584 14
1761511085788 1.0771784782409668 15
1761511086439 1.0802356004714966 16
1761511087024 1.0777597427368164 17
1761511087673 1.0779671669006348 18
1761511088256 1.0752781629562378 19
1761511088833 1.0787184238433838 20
1761511089498 1.0756102800369263 21
1761511090231 1.0735630989074707 22
1761511091013 1.074902057647705 23
1761511091757 1.076326847076416 24
1761511092389 1.0759761333465576 25
1761511093026 1.074164628982544 26
1761511093597 1.0732146501541138 27
1761511094160 1.0727661848068237 28
1761511094718 1.0710893869400024 29
1761511095273 1.0737203359603882 30
1761511095836 1.0743941068649292 31
1761511096393 1.0707100629806519 32
1761511096951 1.0719448328018188 33
1761511097503 1.0715333223342896 34
1761511098057 1.0711669921875 35
1761511098609 1.0724937915802002 36
1761511099175 1.070413589477539 37
1761511099768 1.0681205987930298 38
1761511100328 1.068783164024353 39
1761511100891 1.0690912008285522 40
1761511101465 1.067359447479248 41
1761511102050 1.0682594776153564 42
1761511102608 1.0681859254837036 43
1761511103195 1.0695855617523193 44
1761511103774 1.0646487474441528 45
1761511104338 1.0659055709838867 46
1761511105002 1.0638231039047241 47
1761511105567 1.0632493495941162 48
1761511106124 1.0642657279968262 49
1761511106679 1.0597549676895142 50
1761511107238 1.0599749088287354 51
1761511107799 1.063964605331421 52
1761511108358 1.0593490600585938 53
1761511108913 1.0594528913497925 54
1761511109466 1.0565247535705566 55
1761511110030 1.0553983449935913 56
1761511110587 1.0542018413543701 57
1761511111220 1.051957607269287 58
1761511111810 1.0516853332519531 59
1761511112385 1.0556217432022095 60
1761511112951 1.0527410507202148 61
1761511113554 1.0515347719192505 62
1761511114125 1.0508090257644653 63
1761511114707 1.0505199432373047 64
1761511115284 1.0470890998840332 65
1761511115912 1.0441209077835083 66
1761511116657 1.046665906906128 67
1761511117341 1.0429259538650513 68
1761511117953 1.0411773920059204 69
1761511118517 1.0426808595657349 70
1761511119082 1.0425310134887695 71
1761511119650 1.0382709503173828 72
1761511120256 1.042099952697754 73
1761511120842 1.037711501121521 74
1761511121405 1.0372352600097656 75
1761511121966 1.0334720611572266 76
1761511122527 1.0308988094329834 77
1761511123088 1.034256100654602 78
1761511123669 1.0328093767166138 79
1761511124242 1.0358564853668213 80
1761511124808 1.0289332866668701 81
1761511125371 1.0245825052261353 82
1761511125957 1.0241276025772095 83
1761511126529 1.0219987630844116 84
1761511127111 1.0214414596557617 85
1761511127715 1.0220136642456055 86
1761511128343 1.0196104049682617 87
1761511128927 1.0174283981323242 88
1761511129505 1.017341136932373 89
1761511130093 1.0165305137634277 90
1761511130757 1.0111297369003296 91
1761511131327 1.0096769332885742 92
1761511131902 1.0110172033309937 93
1761511132486 1.0067895650863647 94
1761511133072 1.0114301443099976 95
1761511133633 1.0079625844955444 96
1761511134235 1.0047338008880615 97
1761511134829 1.0051172971725464 98
1761511135404 1.002297043800354 99
1761511076737 1.103224754333496 0
