1761437946062 0.431319922208786 0
1761437946558 0.441610723733902 1
1761437947077 0.4662192463874817 2
1761437947581 0.4505592882633209 3
1761437948079 0.4469798803329468 4
1761437948599 0.4536912739276886 5
1761437949087 0.4478747248649597 6
1761437949622 0.43758389353752136 7
1761437950108 0.45145413279533386 8
1761437950599 0.42818790674209595 9
1761437951085 0.42505592107772827 10
1761437951584 0.4523490071296692 11
1761437952085 0.4277404844760895 12
1761437952590 0.4259507954120636 13
1761437953094 0.4344519078731537 14
1761437953581 0.42505592107772827 15
1761437954067 0.3968680202960968 16
1761437954556 0.4290827810764313 17
1761437955064 0.4187919497489929 18
1761437955575 0.4107382595539093 19
1761437956059 0.413870245218277 20
1761437956534 0.42237135767936707 21
1761437957015 0.39776286482810974 22
1761437957491 0.4049217104911804 23
1761437957966 0.4080536961555481 24
1761437958444 0.3914988934993744 25
1761437958918 0.39731544256210327 26
1761437959396 0.3843400478363037 27
1761437959944 0.4120805263519287 28
1761437960432 0.38523489236831665 29
1761437960932 0.39507830142974854 30
1761437961418 0.40715882182121277 31
1761437961900 0.39731544256210327 32
1761437962386 0.3901565968990326 33
1761437962867 0.4053691327571869 34
1761437963352 0.382102906703949 35
1761437963839 0.4008948504924774 36
1761437964329 0.37270694971084595 37
1761437964812 0.3897091746330261 38
1761437965300 0.37852349877357483 39
1761437965780 0.39194631576538086 40
1761437966267 0.38389262557029724 41
1761437966754 0.39194631576538086 42
1761437967239 0.38791945576667786 43
1761437967721 0.39731544256210327 44
1761437968200 0.39194631576538086 45
1761437968681 0.3856823146343231 46
1761437969169 0.3668903708457947 47
1761437969652 0.3901565968990326 48
1761437970135 0.3847874701023102 49
1761437946062 0.431319922208786 0
