1761437946062 1.0803743600845337 0
1761437946558 1.0636416673660278 1
1761437947077 1.0579860210418701 2
1761437947581 1.0608798265457153 3
1761437948079 1.0638339519500732 4
1761437948599 1.0664446353912354 5
1761437949087 1.0716694593429565 6
1761437949622 1.06627357006073 7
1761437950108 1.087224006652832 8
1761437950599 1.116703748703003 9
1761437951085 1.1243876218795776 10
1761437951584 1.0947932004928589 11
1761437952085 1.1362971067428589 12
1761437952590 1.113875389099121 13
1761437953094 1.1161408424377441 14
1761437953581 1.2071577310562134 15
1761437954067 1.2241418361663818 16
1761437954556 1.1196247339248657 17
1761437955064 1.1203964948654175 18
1761437955575 1.2022861242294312 19
1761437956059 1.18052339553833 20
1761437956534 1.2106753587722778 21
1761437957015 1.322718858718872 22
1761437957491 1.2602221965789795 23
1761437957966 1.3499369621276855 24
1761437958444 1.3551113605499268 25
1761437958918 1.365781307220459 26
1761437959396 1.4376460313796997 27
1761437959944 1.5560563802719116 28
1761437960432 1.7499178647994995 29
1761437960932 1.323912501335144 30
1761437961418 1.3576983213424683 31
1761437961900 1.6713039875030518 32
1761437962386 1.5421028137207031 33
1761437962867 1.3963900804519653 34
1761437963352 1.5704803466796875 35
1761437963839 1.7069263458251953 36
1761437964329 1.7572622299194336 37
1761437964812 1.7251390218734741 38
1761437965300 1.7496991157531738 39
1761437965780 1.8512717485427856 40
1761437966267 1.7083204984664917 41
1761437966754 1.419897437095642 42
1761437967239 1.7784349918365479 43
1761437967721 1.6369295120239258 44
1761437968200 1.734978199005127 45
1761437968681 1.6301612854003906 46
1761437969169 2.026496410369873 47
1761437969652 2.114716053009033 48
1761437970135 2.0354955196380615 49
1761437946062 1.0803743600845337 0
