1761435108779 0.3856823146343231 0
1761435109270 0.4357941746711731 1
1761435109758 0.4357941746711731 2
1761435110235 0.4398210346698761 3
1761435110700 0.449664443731308 4
1761435111164 0.45995524525642395 5
1761435111648 0.4577181339263916 6
1761435112124 0.463087260723114 7
1761435112603 0.47203579545021057 8
1761435113114 0.4684563875198364 9
1761435113599 0.46666666865348816 10
1761435114080 0.4648769497871399 11
1761435114557 0.4621923863887787 12
1761435115034 0.4635346829891205 13
1761435115511 0.46666666865348816 14
1761435115986 0.46711409091949463 15
1761435116476 0.4621923863887787 16
1761435116964 0.47114095091819763 17
1761435117439 0.46711409091949463 18
1761435117951 0.46532437205314636 19
1761435118450 0.463087260723114 20
1761435118928 0.4608501195907593 21
1761435119410 0.47337806224823 22
1761435119898 0.46711409091949463 23
1761435120374 0.4595078229904175 24
1761435120878 0.4684563875198364 25
1761435121362 0.47382551431655884 26
1761435121838 0.4729306399822235 27
1761435122313 0.4648769497871399 28
1761435122793 0.47248321771621704 29
1761435123299 0.4675615131855011 30
1761435123846 0.46711409091949463 31
1761435124409 0.4684563875198364 32
1761435124902 0.4729306399822235 33
1761435125392 0.47248321771621704 34
1761435125877 0.47114095091819763 35
1761435126364 0.46935123205184937 36
1761435126850 0.47337806224823 37
1761435127330 0.4684563875198364 38
1761435127835 0.4742729365825653 39
1761435128332 0.47114095091819763 40
1761435128811 0.4742729365825653 41
1761435129289 0.4769574999809265 42
1761435129770 0.46800893545150757 43
1761435130253 0.4800894856452942 44
1761435130724 0.4814317524433136 45
1761435131192 0.46979865431785583 46
1761435131659 0.4689038097858429 47
1761435132140 0.46979865431785583 48
1761435132613 0.47337806224823 49
1761435108779 0.3856823146343231 0
