1761435108779 1.0936576128005981 0
1761435109270 1.0676628351211548 1
1761435109758 1.055984616279602 2
1761435110235 1.0494872331619263 3
1761435110700 1.0426219701766968 4
1761435111164 1.0397908687591553 5
1761435111648 1.0360851287841797 6
1761435112124 1.0328097343444824 7
1761435112603 1.0333014726638794 8
1761435113114 1.0326802730560303 9
1761435113599 1.0318759679794312 10
1761435114080 1.0338271856307983 11
1761435114557 1.0360639095306396 12
1761435115034 1.029067873954773 13
1761435115511 1.0272399187088013 14
1761435115986 1.031561017036438 15
1761435116476 1.036510944366455 16
1761435116964 1.033444881439209 17
1761435117439 1.027096152305603 18
1761435117951 1.0272513628005981 19
1761435118450 1.0288715362548828 20
1761435118928 1.0313992500305176 21
1761435119410 1.027859091758728 22
1761435119898 1.0292073488235474 23
1761435120374 1.0259180068969727 24
1761435120878 1.0262173414230347 25
1761435121362 1.0264811515808105 26
1761435121838 1.0305652618408203 27
1761435122313 1.0309960842132568 28
1761435122793 1.025235652923584 29
1761435123299 1.026081919670105 30
1761435123846 1.0272724628448486 31
1761435124409 1.0255353450775146 32
1761435124902 1.0247784852981567 33
1761435125392 1.0256892442703247 34
1761435125877 1.028023362159729 35
1761435126364 1.0256839990615845 36
1761435126850 1.0258907079696655 37
1761435127330 1.0260173082351685 38
1761435127835 1.0237064361572266 39
1761435128332 1.0230923891067505 40
1761435128811 1.023252248764038 41
1761435129289 1.0225777626037598 42
1761435129770 1.022969126701355 43
1761435130253 1.021294116973877 44
1761435130724 1.0238217115402222 45
1761435131192 1.0258512496948242 46
1761435131659 1.0229674577713013 47
1761435132140 1.0247687101364136 48
1761435132613 1.0244903564453125 49
1761435108779 1.0936576128005981 0
