1761380960542 0.37270694971084595 0
1761380961948 0.33691275119781494 1
1761380963363 0.34809842705726624 2
1761380964760 0.34541386365890503 3
1761380966143 0.3624161183834076 4
1761380967491 0.3525727093219757 5
1761380968923 0.3704698085784912 6
1761380970294 0.3583892583847046 7
1761380971661 0.36152124404907227 8
1761380973030 0.35883668065071106 9
1761380974386 0.35212528705596924 10
1761380975812 0.35346755385398865 11
1761380977236 0.36465322971343994 12
1761380978621 0.3530201315879822 13
1761380980031 0.36465322971343994 14
1761380981392 0.3758389353752136 15
1761380982766 0.3597315549850464 16
1761380984138 0.35749441385269165 17
1761380985523 0.354362428188324 18
1761380986986 0.36420580744743347 19
1761380988360 0.36554810404777527 20
1761380989751 0.3570469915866852 21
1761380991194 0.37404921650886536 22
1761380992585 0.35615211725234985 23
1761380993958 0.3485458493232727 24
1761380995359 0.35078299045562744 25
1761380996744 0.36152124404907227 26
1761380998140 0.3668903708457947 27
1761380999494 0.3651006817817688 28
1761381000889 0.3651006817817688 29
1761381002284 0.3597315549850464 30
1761381003701 0.3597315549850464 31
1761381005071 0.3749440610408783 32
1761381006428 0.37136465311050415 33
1761381007835 0.35928410291671753 34
1761381009225 0.3597315549850464 35
1761381010613 0.3373601734638214 36
1761381011997 0.3565995395183563 37
1761381013405 0.35212528705596924 38
1761381014916 0.35883668065071106 39
1761381016328 0.36420580744743347 40
1761381017721 0.3525727093219757 41
1761381019087 0.3525727093219757 42
1761381020450 0.3664429485797882 43
1761381021833 0.3695749342441559 44
1761381023247 0.3664429485797882 45
1761381024704 0.3736017942428589 46
1761381026097 0.3606263995170593 47
1761381027552 0.35033556818962097 48
1761381029045 0.34809842705726624 49
1761380960542 0.37270694971084595 0
