1761380960542 3.3087873458862305 0
1761380961948 3.432634115219116 1
1761380963363 3.3262581825256348 2
1761380964760 3.1251416206359863 3
1761380966143 2.925065040588379 4
1761380967491 2.9053046703338623 5
1761380968923 2.901636838912964 6
1761380970294 2.8856568336486816 7
1761380971661 2.902867317199707 8
1761380973030 2.8665664196014404 9
1761380974386 2.9258859157562256 10
1761380975812 2.8799378871917725 11
1761380977236 2.8578150272369385 12
1761380978621 2.792834997177124 13
1761380980031 2.627192258834839 14
1761380981392 2.66556978225708 15
1761380982766 2.7249839305877686 16
1761380984138 2.6611921787261963 17
1761380985523 2.74556565284729 18
1761380986986 2.6735270023345947 19
1761380988360 2.677656888961792 20
1761380989751 2.660413980484009 21
1761380991194 2.543356418609619 22
1761380992585 2.615493059158325 23
1761380993958 2.6987483501434326 24
1761380995359 2.6342697143554688 25
1761380996744 2.5623373985290527 26
1761380998140 2.4710352420806885 27
1761380999494 2.5878193378448486 28
1761381000889 2.3558638095855713 29
1761381002284 2.4073193073272705 30
1761381003701 2.4586033821105957 31
1761381005071 2.355543613433838 32
1761381006428 2.2572028636932373 33
1761381007835 2.2157301902770996 34
1761381009225 2.3205580711364746 35
1761381010613 2.3511507511138916 36
1761381011997 2.2784626483917236 37
1761381013405 2.2211506366729736 38
1761381014916 2.2192814350128174 39
1761381016328 2.0861575603485107 40
1761381017721 2.131822109222412 41
1761381019087 2.1501643657684326 42
1761381020450 2.1214184761047363 43
1761381021833 1.977210283279419 44
1761381023247 1.9689018726348877 45
1761381024704 1.8805351257324219 46
1761381026097 1.955796241760254 47
1761381027552 1.982977271080017 48
1761381029045 1.8957562446594238 49
1761380960542 3.3087873458862305 0
