1761437041805 0.44608500599861145 0
1761437042361 0.45324385166168213 1
1761437042860 0.46129754185676575 2
1761437043343 0.44026845693588257 3
1761437043819 0.4568232595920563 4
1761437044293 0.4505592882633209 5
1761437044768 0.459060400724411 6
1761437045244 0.4563758373260498 7
1761437045715 0.4442952871322632 8
1761437046193 0.4478747248649597 9
1761437046668 0.44474273920059204 10
1761437047161 0.4451901614665985 11
1761437047632 0.4451901614665985 12
1761437048111 0.4246084988117218 13
1761437048587 0.41163310408592224 14
1761437049062 0.427293062210083 15
1761437049535 0.4398210346698761 16
1761437050011 0.4080536961555481 17
1761437050508 0.4067113995552063 18
1761437051017 0.42013421654701233 19
1761437051496 0.4053691327571869 20
1761437051970 0.4152125418186188 21
1761437052446 0.4022371470928192 22
1761437052921 0.3789709210395813 23
1761437053397 0.4259507954120636 24
1761437053874 0.399552583694458 25
1761437054358 0.4000000059604645 26
1761437054838 0.3888143301010132 27
1761437055313 0.41163310408592224 28
1761437055790 0.39373600482940674 29
1761437056283 0.40626397728919983 30
1761437056772 0.3901565968990326 31
1761437057277 0.39194631576538086 32
1761437057783 0.3856823146343231 33
1761437058271 0.40447425842285156 34
1761437058748 0.39776286482810974 35
1761437059228 0.38255032896995544 36
1761437059713 0.3888143301010132 37
1761437060188 0.3928411602973938 38
1761437060671 0.3888143301010132 39
1761437061180 0.4008948504924774 40
1761437061694 0.37807607650756836 41
1761437062202 0.3552572727203369 42
1761437062704 0.3897091746330261 43
1761437063215 0.38389262557029724 44
1761437063726 0.3856823146343231 45
1761437064228 0.38344520330429077 46
1761437064713 0.3749440610408783 47
1761437065197 0.3843400478363037 48
1761437065682 0.3744966387748718 49
1761437041805 0.44608500599861145 0
