1761437041805 1.0845216512680054 0
1761437042361 1.0561854839324951 1
1761437042860 1.0617806911468506 2
1761437043343 1.062359094619751 3
1761437043819 1.0619207620620728 4
1761437044293 1.0598127841949463 5
1761437044768 1.0544393062591553 6
1761437045244 1.0730069875717163 7
1761437045715 1.100023865699768 8
1761437046193 1.0847527980804443 9
1761437046668 1.0761377811431885 10
1761437047161 1.1036313772201538 11
1761437047632 1.1010265350341797 12
1761437048111 1.156050443649292 13
1761437048587 1.1774629354476929 14
1761437049062 1.1463708877563477 15
1761437049535 1.17572820186615 16
1761437050011 1.238394021987915 17
1761437050508 1.1795629262924194 18
1761437051017 1.21565842628479 19
1761437051496 1.435279130935669 20
1761437051970 1.3506550788879395 21
1761437052446 1.3027100563049316 22
1761437052921 1.7251603603363037 23
1761437053397 1.1777253150939941 24
1761437053874 1.3825043439865112 25
1761437054358 1.4662384986877441 26
1761437054838 1.425359845161438 27
1761437055313 1.4455174207687378 28
1761437055790 1.411871075630188 29
1761437056283 1.387487769126892 30
1761437056772 1.462165355682373 31
1761437057277 1.9007259607315063 32
1761437057783 1.6488111019134521 33
1761437058271 1.302033543586731 34
1761437058748 1.4171377420425415 35
1761437059228 1.6112592220306396 36
1761437059713 1.6775131225585938 37
1761437060188 1.5501296520233154 38
1761437060671 1.56059730052948 39
1761437061180 1.7265291213989258 40
1761437061694 2.0556325912475586 41
1761437062202 2.6182754039764404 42
1761437062704 1.9206827878952026 43
1761437063215 1.9216504096984863 44
1761437063726 2.198761224746704 45
1761437064228 1.9585907459259033 46
1761437064713 2.016869306564331 47
1761437065197 1.7223080396652222 48
1761437065682 2.572631597518921 49
1761437041805 1.0845216512680054 0
