1761513071117 0.399552583694458 0
1761513071697 0.41252797842025757 1
1761513072273 0.4187919497489929 2
1761513072845 0.42550334334373474 3
1761513073399 0.445637583732605 4
1761513073961 0.4429530203342438 5
1761513074540 0.4644295275211334 6
1761513075095 0.45816555619239807 7
1761513075676 0.4814317524433136 8
1761513076267 0.48366889357566833 9
1761513076956 0.4935123026371002 10
1761513077526 0.5046979784965515 11
1761513078129 0.5190156698226929 12
1761513078709 0.5319910645484924 13
1761513079299 0.5422818660736084 14
1761513079899 0.5454138517379761 15
1761513080474 0.5673378109931946 16
1761513081067 0.5610738396644592 17
1761513081644 0.5758389234542847 18
1761513082229 0.5704697966575623 19
1761513082823 0.582997739315033 20
1761513083447 0.5870246291160583 21
1761513084042 0.5986577272415161 22
1761513084618 0.5941834449768066 23
1761513085200 0.6192393898963928 24
1761513085776 0.6008948683738708 25
1761513086369 0.600447416305542 26
1761513086943 0.6089485287666321 27
1761513087507 0.6174496412277222 28
1761513088083 0.6384787559509277 29
1761513088643 0.6398210525512695 30
1761513089202 0.6438478827476501 31
1761513089760 0.627293050289154 32
1761513090318 0.6474273204803467 33
1761513090877 0.6492170095443726 34
1761513091442 0.6434004306793213 35
1761513092004 0.6510066986083984 36
1761513092565 0.6474273204803467 37
1761513093137 0.6474273204803467 38
1761513093698 0.6572706699371338 39
1761513094255 0.6532438397407532 40
1761513094819 0.6630872488021851 41
1761513095384 0.6697986721992493 42
1761513095946 0.6604026556015015 43
1761513096515 0.6697986721992493 44
1761513097076 0.672035813331604 45
1761513097640 0.6791946291923523 46
1761513098202 0.6769574880599976 47
1761513098763 0.6760626435279846 48
1761513099385 0.6863534450531006 49
1761513099974 0.690380334854126 50
1761513100565 0.6680089235305786 51
1761513101164 0.6818792223930359 52
1761513101739 0.690380334854126 53
1761513102339 0.6863534450531006 54
1761513102905 0.6832214593887329 55
1761513103522 0.7002236843109131 56
1761513104090 0.6769574880599976 57
1761513104650 0.6890380382537842 58
1761513105213 0.6975391507148743 59
1761513105774 0.6939597129821777 60
1761513106341 0.7020134329795837 61
1761513106905 0.7038031220436096 62
1761513107467 0.7176733613014221 63
1761513108027 0.6926174759864807 64
1761513108587 0.709172248840332 65
1761513109147 0.7015659809112549 66
1761513109706 0.6926174759864807 67
1761513110268 0.6979866027832031 68
1761513110846 0.7114093899726868 69
1761513111424 0.7011185884475708 70
1761513111998 0.7176733613014221 71
1761513112590 0.7033557295799255 72
1761513113167 0.7069351077079773 73
1761513113784 0.7038031220436096 74
1761513114362 0.7158836722373962 75
1761513114931 0.7127516865730286 76
1761513115520 0.7029082775115967 77
1761513116093 0.7105145454406738 78
1761513116676 0.7131990790367126 79
1761513117253 0.7154362201690674 80
1761513117849 0.7082774043083191 81
1761513118413 0.7136465311050415 82
1761513118969 0.7154362201690674 83
1761513119555 0.710067093372345 84
1761513120126 0.7140939831733704 85
1761513120722 0.6926174759864807 86
1761513121323 0.7082774043083191 87
1761513121914 0.7230424880981445 88
1761513122529 0.7176733613014221 89
1761513123256 0.7042505741119385 90
1761513123850 0.7073825597763062 91
1761513124442 0.7114093899726868 92
1761513125066 0.6957494616508484 93
1761513125628 0.7230424880981445 94
1761513126199 0.7185682058334351 95
1761513126760 0.7154362201690674 96
1761513127334 0.7243847846984863 97
1761513127906 0.7270693778991699 98
1761513128470 0.7243847846984863 99
1761513071117 0.399552583694458 0
