1761513071117 1.0855213403701782 0
1761513071697 1.076573371887207 1
1761513072273 1.0713330507278442 2
1761513072845 1.0633008480072021 3
1761513073399 1.0530833005905151 4
1761513073961 1.0473089218139648 5
1761513074540 1.033352255821228 6
1761513075095 1.0340027809143066 7
1761513075676 1.0219497680664062 8
1761513076267 1.006001591682434 9
1761513076956 1.00376296043396 10
1761513077526 0.9873591065406799 11
1761513078129 0.9742208123207092 12
1761513078709 0.9643009901046753 13
1761513079299 0.9596977829933167 14
1761513079899 0.9474821090698242 15
1761513080474 0.9264205098152161 16
1761513081067 0.9238830804824829 17
1761513081644 0.9157580137252808 18
1761513082229 0.8998458385467529 19
1761513082823 0.8983444571495056 20
1761513083447 0.8907235860824585 21
1761513084042 0.8734314441680908 22
1761513084618 0.8688769340515137 23
1761513085200 0.8513184189796448 24
1761513085776 0.8585014939308167 25
1761513086369 0.8540303707122803 26
1761513086943 0.8422054052352905 27
1761513087507 0.8340595960617065 28
1761513088083 0.8180948495864868 29
1761513088643 0.8087537288665771 30
1761513089202 0.8111573457717896 31
1761513089760 0.8030284643173218 32
1761513090318 0.7969267964363098 33
1761513090877 0.7907267212867737 34
1761513091442 0.7918376326560974 35
1761513092004 0.7825934886932373 36
1761513092565 0.7861678600311279 37
1761513093137 0.7889785766601562 38
1761513093698 0.7645017504692078 39
1761513094255 0.7827942371368408 40
1761513094819 0.7630341649055481 41
1761513095384 0.7495548129081726 42
1761513095946 0.7469007968902588 43
1761513096515 0.7627542614936829 44
1761513097076 0.7527467608451843 45
1761513097640 0.735580563545227 46
1761513098202 0.7231352925300598 47
1761513098763 0.7362321019172668 48
1761513099385 0.7222511768341064 49
1761513099974 0.7096035480499268 50
1761513100565 0.7448675036430359 51
1761513101164 0.7111189961433411 52
1761513101739 0.6933928728103638 53
1761513102339 0.7137590050697327 54
1761513102905 0.7394564151763916 55
1761513103522 0.6918843984603882 56
1761513104090 0.72391676902771 57
1761513104650 0.7159531712532043 58
1761513105213 0.6914834976196289 59
1761513105774 0.7013257145881653 60
1761513106341 0.6810566186904907 61
1761513106905 0.6783159375190735 62
1761513107467 0.6658189296722412 63
1761513108027 0.684971034526825 64
1761513108587 0.6848170757293701 65
1761513109147 0.6780018210411072 66
1761513109706 0.704672634601593 67
1761513110268 0.6845458745956421 68
1761513110846 0.6640465259552002 69
1761513111424 0.6770973205566406 70
1761513111998 0.6561786532402039 71
1761513112590 0.6809722781181335 72
1761513113167 0.6779011487960815 73
1761513113784 0.6630674004554749 74
1761513114362 0.6565819382667542 75
1761513114931 0.668221116065979 76
1761513115520 0.6883031725883484 77
1761513116093 0.6645478010177612 78
1761513116676 0.6701844930648804 79
1761513117253 0.6767052412033081 80
1761513117849 0.6856186985969543 81
1761513118413 0.6851544380187988 82
1761513118969 0.6714395880699158 83
1761513119555 0.6857452988624573 84
1761513120126 0.6545241475105286 85
1761513120722 0.7039663195610046 86
1761513121323 0.686231791973114 87
1761513121914 0.6253231167793274 88
1761513122529 0.6707799434661865 89
1761513123256 0.7425708770751953 90
1761513123850 0.6839612126350403 91
1761513124442 0.6763972043991089 92
1761513125066 0.7492812275886536 93
1761513125628 0.6448266506195068 94
1761513126199 0.6640105843544006 95
1761513126760 0.6928144693374634 96
1761513127334 0.6869176030158997 97
1761513127906 0.6588961482048035 98
1761513128470 0.6582850217819214 99
1761513071117 1.0855213403701782 0
