1761381573365 0.5838926434516907 0
1761381574032 0.6013422608375549 1
1761381574715 0.6031320095062256 2
1761381575356 0.6161074042320251 3
1761381575989 0.6080536842346191 4
1761381576628 0.5937359929084778 5
1761381577261 0.6093959808349609 6
1761381577897 0.6062639951705933 7
1761381578548 0.599552571773529 8
1761381579185 0.6062639951705933 9
1761381579818 0.6058165431022644 10
1761381580453 0.5937359929084778 11
1761381581127 0.6111856698989868 12
1761381581768 0.6134228110313416 13
1761381582411 0.6053691506385803 14
1761381583053 0.5888143181800842 15
1761381583693 0.6071588397026062 16
1761381584337 0.6152125000953674 17
1761381585025 0.6071588397026062 18
1761381585665 0.5973154306411743 19
1761381586300 0.6000000238418579 20
1761381586940 0.6013422608375549 21
1761381587579 0.608501136302948 22
1761381588222 0.5856823325157166 23
1761381588861 0.5991051197052002 24
1761381589503 0.5843400359153748 25
1761381590149 0.5883668661117554 26
1761381590789 0.5959731340408325 27
1761381591430 0.5977628827095032 28
1761381592071 0.5955257415771484 29
1761381592714 0.5753914713859558 30
1761381593351 0.5870246291160583 31
1761381593996 0.5919463038444519 32
1761381594651 0.5682326555252075 33
1761381595294 0.5803132057189941 34
1761381595934 0.5825503468513489 35
1761381596565 0.5883668661117554 36
1761381597208 0.5838926434516907 37
1761381597850 0.5874720215797424 38
1761381598491 0.5700223445892334 39
1761381599136 0.5704697966575623 40
1761381599780 0.5606263875961304 41
1761381600426 0.582997739315033 42
1761381601074 0.562416136264801 43
1761381601719 0.5592840909957886 44
1761381602361 0.5673378109931946 45
1761381603013 0.5610738396644592 46
1761381603660 0.5530201196670532 47
1761381604305 0.5597315430641174 48
1761381604952 0.555257260799408 49
1761381573365 0.5838926434516907 0
