1761381573365 0.9726088643074036 0
1761381574032 0.9187394976615906 1
1761381574715 0.9544881582260132 2
1761381575356 0.948740541934967 3
1761381575989 0.9528181552886963 4
1761381576628 0.9905768036842346 5
1761381577261 0.9575230479240417 6
1761381577897 0.9435465931892395 7
1761381578548 1.012046456336975 8
1761381579185 1.0122034549713135 9
1761381579818 0.9762826561927795 10
1761381580453 1.0047800540924072 11
1761381581127 0.9828248620033264 12
1761381581768 0.9303102493286133 13
1761381582411 0.966748833656311 14
1761381583053 1.0174710750579834 15
1761381583693 0.9634051322937012 16
1761381584337 0.9464758634567261 17
1761381585025 1.0396947860717773 18
1761381585665 0.9928923845291138 19
1761381586300 0.993511974811554 20
1761381586940 0.9948434233665466 21
1761381587579 0.9892137050628662 22
1761381588222 1.109075903892517 23
1761381588861 1.001659631729126 24
1761381589503 1.1026512384414673 25
1761381590149 1.0767724514007568 26
1761381590789 1.1062064170837402 27
1761381591430 1.045006513595581 28
1761381592071 1.0607000589370728 29
1761381592714 1.2404656410217285 30
1761381593351 1.1545077562332153 31
1761381593996 1.1017334461212158 32
1761381594651 1.3202508687973022 33
1761381595294 1.1745928525924683 34
1761381595934 1.1279706954956055 35
1761381596565 1.0971379280090332 36
1761381597208 1.2078782320022583 37
1761381597850 1.4273364543914795 38
1761381598491 1.333878755569458 39
1761381599136 1.6209239959716797 40
1761381599780 1.4427417516708374 41
1761381600426 1.321303129196167 42
1761381601074 1.273878812789917 43
1761381601719 1.5117684602737427 44
1761381602361 1.335932970046997 45
1761381603013 1.754461407661438 46
1761381603660 1.5106723308563232 47
1761381604305 1.7329877614974976 48
1761381604952 2.8347179889678955 49
1761381573365 0.9726088643074036 0
