1761381887961 0.5700223445892334 0
1761381888885 0.6076062917709351 1
1761381889784 0.6241610646247864 2
1761381890663 0.6308724880218506 3
1761381891563 0.6371364593505859 4
1761381892438 0.6335570216178894 5
1761381893315 0.6407158970832825 6
1761381894188 0.645637571811676 7
1761381895072 0.6505593061447144 8
1761381895951 0.6492170095443726 9
1761381896824 0.6527964472770691 10
1761381897706 0.6608501076698303 11
1761381898589 0.6434004306793213 12
1761381899472 0.6478747129440308 13
1761381900369 0.6586129665374756 14
1761381901248 0.6487695574760437 15
1761381902132 0.6568232774734497 16
1761381903012 0.6648769378662109 17
1761381903887 0.655033528804779 18
1761381904773 0.6568232774734497 19
1761381905655 0.6581655740737915 20
1761381906529 0.6644295454025269 21
1761381907466 0.655033528804779 22
1761381908385 0.6635347008705139 23
1761381909307 0.6630872488021851 24
1761381910203 0.6648769378662109 25
1761381911120 0.6604026556015015 26
1761381912023 0.653691291809082 27
1761381912970 0.6648769378662109 28
1761381913902 0.6595078110694885 29
1761381914848 0.6684563755989075 30
1761381915769 0.6635347008705139 31
1761381916737 0.6599552631378174 32
1761381917714 0.6604026556015015 33
1761381918675 0.6671140789985657 34
1761381919628 0.6608501076698303 35
1761381920554 0.6514541506767273 36
1761381921440 0.663982093334198 37
1761381922318 0.6527964472770691 38
1761381923201 0.6563758254051208 39
1761381924152 0.6559284329414368 40
1761381925070 0.6680089235305786 41
1761381925952 0.6662192344665527 42
1761381926835 0.6514541506767273 43
1761381927727 0.6604026556015015 44
1761381928621 0.6774049401283264 45
1761381929505 0.6648769378662109 46
1761381930388 0.6608501076698303 47
1761381931272 0.6635347008705139 48
1761381932153 0.6586129665374756 49
1761381887961 0.5700223445892334 0
