1761381887961 1.1388641595840454 0
1761381888885 0.9150501489639282 1
1761381889784 0.8796780109405518 2
1761381890663 0.8542724847793579 3
1761381891563 0.8346081972122192 4
1761381892438 0.8418417572975159 5
1761381893315 0.8284542560577393 6
1761381894188 0.8168883323669434 7
1761381895072 0.8137409687042236 8
1761381895951 0.8151689171791077 9
1761381896824 0.8022441864013672 10
1761381897706 0.7974866628646851 11
1761381898589 0.8011302947998047 12
1761381899472 0.8096160888671875 13
1761381900369 0.7963390350341797 14
1761381901248 0.8053208589553833 15
1761381902132 0.797569990158081 16
1761381903012 0.7916566133499146 17
1761381903887 0.7905514240264893 18
1761381904773 0.7874386310577393 19
1761381905655 0.7841401100158691 20
1761381906529 0.7800046801567078 21
1761381907466 0.7801549434661865 22
1761381908385 0.7870286107063293 23
1761381909307 0.7784742116928101 24
1761381910203 0.7875281572341919 25
1761381911120 0.7796875834465027 26
1761381912023 0.7811403870582581 27
1761381912970 0.7710654139518738 28
1761381913902 0.7714845538139343 29
1761381914848 0.7651526927947998 30
1761381915769 0.7794293761253357 31
1761381916737 0.7681574821472168 32
1761381917714 0.7728861570358276 33
1761381918675 0.7611403465270996 34
1761381919628 0.7731857299804688 35
1761381920554 0.7744718790054321 36
1761381921440 0.759823739528656 37
1761381922318 0.7791433930397034 38
1761381923201 0.7747046947479248 39
1761381924152 0.7762470245361328 40
1761381925070 0.7679997086524963 41
1761381925952 0.7720082998275757 42
1761381926835 0.7753853797912598 43
1761381927727 0.7590975761413574 44
1761381928621 0.764144778251648 45
1761381929505 0.764002799987793 46
1761381930388 0.761461615562439 47
1761381931272 0.7673441767692566 48
1761381932153 0.7611551284790039 49
1761381887961 1.1388641595840454 0
