1761440010884 0.35874438285827637 0
1761440011389 0.36860987544059753 1
1761440011920 0.3852017819881439 2
1761440012410 0.3798206150531769 3
1761440012896 0.395964115858078 4
1761440013380 0.39058294892311096 5
1761440013866 0.41076233983039856 6
1761440014351 0.3919282555580139 7
1761440014839 0.41300448775291443 8
1761440015325 0.4286995530128479 9
1761440015812 0.45336323976516724 10
1761440016298 0.44932734966278076 11
1761440016796 0.47354260087013245 12
1761440017277 0.5094170570373535 13
1761440017759 0.5139013528823853 14
1761440018243 0.5506726503372192 15
1761440018728 0.578923761844635 16
1761440019224 0.6071748733520508 17
1761440019709 0.6443946361541748 18
1761440020202 0.6865471005439758 19
1761440020685 0.7022421360015869 20
1761440021209 0.7618834376335144 21
1761440021762 0.7672645449638367 22
1761440022291 0.8201793432235718 23
1761440022792 0.8349775671958923 24
1761440023272 0.8704035878181458 25
1761440023779 0.8538116812705994 26
1761440024320 0.9004484415054321 27
1761440024815 0.9085201621055603 28
1761440025312 0.9134529232978821 29
1761440025808 0.9219731092453003 30
1761440026299 0.9372197389602661 31
1761440026813 0.9358744621276855 32
1761440027395 0.9367712736129761 33
1761440027874 0.9457399249076843 34
1761440028356 0.9381166100502014 35
1761440028848 0.944843053817749 36
1761440029327 0.9434977769851685 37
1761440029821 0.939461886882782 38
1761440030318 0.9605380892753601 39
1761440030813 0.957847535610199 40
1761440031311 0.9659192562103271 41
1761440031799 0.9614349603652954 42
1761440032293 0.9614349603652954 43
1761440032799 0.963228702545166 44
1761440033284 0.9650224447250366 45
1761440033786 0.9681614637374878 46
1761440034282 0.9663677215576172 47
1761440034765 0.9681614637374878 48
1761440035292 0.9672645926475525 49
1761440010884 0.35874438285827637 0
