1761440010884 1.0997340679168701 0
1761440011389 1.0965821743011475 1
1761440011920 1.0911296606063843 2
1761440012410 1.087066650390625 3
1761440012896 1.0832599401474 4
1761440013380 1.0812952518463135 5
1761440013866 1.0773133039474487 6
1761440014351 1.0763810873031616 7
1761440014839 1.0729275941848755 8
1761440015325 1.0615261793136597 9
1761440015812 1.0549752712249756 10
1761440016298 1.0459755659103394 11
1761440016796 1.034935712814331 12
1761440017277 1.0160702466964722 13
1761440017759 0.996252715587616 14
1761440018243 0.9721274375915527 15
1761440018728 0.9424354434013367 16
1761440019224 0.9119794964790344 17
1761440019709 0.8696634769439697 18
1761440020202 0.8294196128845215 19
1761440020685 0.7850598096847534 20
1761440021209 0.7393563985824585 21
1761440021762 0.6993204951286316 22
1761440022291 0.6499404311180115 23
1761440022792 0.6116490960121155 24
1761440023272 0.5716829895973206 25
1761440023779 0.5410751104354858 26
1761440024320 0.5042480230331421 27
1761440024815 0.47578251361846924 28
1761440025312 0.45026811957359314 29
1761440025808 0.4238797724246979 30
1761440026299 0.3976609408855438 31
1761440026813 0.3762640953063965 32
1761440027395 0.3576623797416687 33
1761440027874 0.33980679512023926 34
1761440028356 0.325916051864624 35
1761440028848 0.31238076090812683 36
1761440029327 0.29736950993537903 37
1761440029821 0.28736814856529236 38
1761440030318 0.2699456214904785 39
1761440030813 0.2570442259311676 40
1761440031311 0.24898101389408112 41
1761440031799 0.24043266475200653 42
1761440032293 0.2300477921962738 43
1761440032799 0.2205599695444107 44
1761440033284 0.2131655216217041 45
1761440033786 0.2060551643371582 46
1761440034282 0.201884463429451 47
1761440034765 0.19273537397384644 48
1761440035292 0.18873867392539978 49
1761440010884 1.0997340679168701 0
