1761510884707 0.3928411602973938 0
1761510885246 0.4026845693588257 1
1761510885826 0.40178969502449036 2
1761510886313 0.41297540068626404 3
1761510886803 0.4093959629535675 4
1761510887285 0.42371365427970886 5
1761510887793 0.4219239354133606 6
1761510888284 0.4219239354133606 7
1761510888760 0.42416107654571533 8
1761510889243 0.4344519078731537 9
1761510889736 0.42550334334373474 10
1761510890225 0.4384787380695343 11
1761510890706 0.4353467524051666 12
1761510891190 0.445637583732605 13
1761510891668 0.43758389353752136 14
1761510892194 0.4568232595920563 15
1761510892674 0.4505592882633209 16
1761510893185 0.45592841506004333 17
1761510893668 0.4796420633792877 18
1761510894156 0.48635345697402954 19
1761510894653 0.4912751615047455 20
1761510895151 0.48903802037239075 21
1761510895635 0.4979865849018097 22
1761510896118 0.4939597249031067 23
1761510896606 0.49306488037109375 24
1761510897104 0.5154362320899963 25
1761510897596 0.5306487679481506 26
1761510898078 0.527516782283783 27
1761510898558 0.5467561483383179 28
1761510899045 0.5306487679481506 29
1761510899529 0.5691275000572205 30
1761510900018 0.5525727272033691 31
1761510900503 0.5619686841964722 32
1761510900987 0.5682326555252075 33
1761510901471 0.5682326555252075 34
1761510901961 0.5736017823219299 35
1761510902445 0.5852348804473877 36
1761510902925 0.5906040072441101 37
1761510903411 0.5897091627120972 38
1761510903895 0.590156614780426 39
1761510904379 0.5986577272415161 40
1761510904870 0.6062639951705933 41
1761510905366 0.6089485287666321 42
1761510905878 0.6299776434898376 43
1761510906371 0.6228187680244446 44
1761510906854 0.6286353468894958 45
1761510907336 0.6335570216178894 46
1761510907820 0.646532416343689 47
1761510908302 0.6510066986083984 48
1761510908787 0.6599552631378174 49
1761510909282 0.645637571811676 50
1761510909773 0.6648769378662109 51
1761510910258 0.6680089235305786 52
1761510910757 0.6774049401283264 53
1761510911249 0.6756151914596558 54
1761510911747 0.6765100955963135 55
1761510912242 0.6894854307174683 56
1761510912767 0.6912751793861389 57
1761510913281 0.6805369257926941 58
1761510913772 0.7024608254432678 59
1761510914258 0.6970916986465454 60
1761510914758 0.708724856376648 61
1761510915242 0.7145413756370544 62
1761510915724 0.7167785167694092 63
1761510916207 0.7243847846984863 64
1761510916696 0.7324385046958923 65
1761510917180 0.7333333492279053 66
1761510917682 0.7302013635635376 67
1761510918165 0.7427293062210083 68
1761510918655 0.7440716028213501 69
1761510919140 0.744966447353363 70
1761510919624 0.7530201077461243 71
1761510920112 0.7574943900108337 72
1761510920602 0.7574943900108337 73
1761510921135 0.7548098564147949 74
1761510921620 0.7579418420791626 75
1761510922105 0.7565995454788208 76
1761510922596 0.7655481100082397 77
1761510923099 0.7767337560653687 78
1761510923598 0.772259533405304 79
1761510924090 0.7695749402046204 80
1761510924582 0.7834451794624329 81
1761510925082 0.7812080383300781 82
1761510925585 0.780760645866394 83
1761510926080 0.7834451794624329 84
1761510926580 0.7928411364555359 85
1761510927073 0.7937360405921936 86
1761510927577 0.7964205741882324 87
1761510928077 0.7901566028594971 88
1761510928580 0.7986577153205872 89
1761510929077 0.7977628707885742 90
1761510929569 0.8013423085212708 91
1761510930074 0.8035793900489807 92
1761510930579 0.8089485168457031 93
1761510931064 0.8040268421173096 94
1761510931549 0.8120805621147156 95
1761510932041 0.8120805621147156 96
1761510932528 0.8170022368431091 97
1761510933011 0.817449688911438 98
1761510933502 0.8299776315689087 99
1761510884707 0.3928411602973938 0
