1761510884707 1.1370182037353516 0
1761510885246 1.0972875356674194 1
1761510885826 1.0913852453231812 2
1761510886313 1.0806548595428467 3
1761510886803 1.0830698013305664 4
1761510887285 1.0808249711990356 5
1761510887793 1.074215054512024 6
1761510888284 1.0780588388442993 7
1761510888760 1.07078218460083 8
1761510889243 1.0624933242797852 9
1761510889736 1.0686254501342773 10
1761510890225 1.0601252317428589 11
1761510890706 1.0545119047164917 12
1761510891190 1.0482131242752075 13
1761510891668 1.050508975982666 14
1761510892194 1.0429970026016235 15
1761510892674 1.0442214012145996 16
1761510893185 1.040117859840393 17
1761510893668 1.027544379234314 18
1761510894156 1.0177546739578247 19
1761510894653 1.0161824226379395 20
1761510895151 1.0081787109375 21
1761510895635 1.0005621910095215 22
1761510896118 0.9965201020240784 23
1761510896606 0.9940077662467957 24
1761510897104 0.9782702922821045 25
1761510897596 0.9716441035270691 26
1761510898078 0.9665183424949646 27
1761510898558 0.957587718963623 28
1761510899045 0.9552080035209656 29
1761510899529 0.9406160712242126 30
1761510900018 0.9360153675079346 31
1761510900503 0.9268606901168823 32
1761510900987 0.9158604741096497 33
1761510901471 0.9135369658470154 34
1761510901961 0.9031444191932678 35
1761510902445 0.8927932381629944 36
1761510902925 0.8871799111366272 37
1761510903411 0.8842206597328186 38
1761510903895 0.8718207478523254 39
1761510904379 0.86542147397995 40
1761510904870 0.8539477586746216 41
1761510905366 0.8453596234321594 42
1761510905878 0.8342951536178589 43
1761510906371 0.8378053307533264 44
1761510906854 0.8247696161270142 45
1761510907336 0.8127813935279846 46
1761510907820 0.8038693070411682 47
1761510908302 0.7939682006835938 48
1761510908787 0.7873353958129883 49
1761510909282 0.7823445200920105 50
1761510909773 0.7752286791801453 51
1761510910258 0.7665656805038452 52
1761510910757 0.7544651627540588 53
1761510911249 0.750320553779602 54
1761510911747 0.7392157912254333 55
1761510912242 0.7354289889335632 56
1761510912767 0.7323760390281677 57
1761510913281 0.7192178964614868 58
1761510913772 0.7040191888809204 59
1761510914258 0.7088537812232971 60
1761510914758 0.6919879913330078 61
1761510915242 0.6898090839385986 62
1761510915724 0.6811875700950623 63
1761510916207 0.6656792759895325 64
1761510916696 0.6597418785095215 65
1761510917180 0.6580401062965393 66
1761510917682 0.653993546962738 67
1761510918165 0.6432013511657715 68
1761510918655 0.6376050114631653 69
1761510919140 0.6305208206176758 70
1761510919624 0.6233641505241394 71
1761510920112 0.6156566143035889 72
1761510920602 0.6108219027519226 73
1761510921135 0.6038695573806763 74
1761510921620 0.5947083830833435 75
1761510922105 0.5956488251686096 76
1761510922596 0.5853216648101807 77
1761510923099 0.582245409488678 78
1761510923598 0.5699425339698792 79
1761510924090 0.570603609085083 80
1761510924582 0.5631505250930786 81
1761510925082 0.5602136850357056 82
1761510925585 0.5521486401557922 83
1761510926080 0.5535842776298523 84
1761510926580 0.5388057231903076 85
1761510927073 0.5352427363395691 86
1761510927577 0.5327574014663696 87
1761510928077 0.5274738669395447 88
1761510928580 0.5220136046409607 89
1761510929077 0.513335645198822 90
1761510929569 0.51176518201828 91
1761510930074 0.5054608583450317 92
1761510930579 0.4992726445198059 93
1761510931064 0.48956918716430664 94
1761510931549 0.49253323674201965 95
1761510932041 0.4867447018623352 96
1761510932528 0.4801330268383026 97
1761510933011 0.47703516483306885 98
1761510933502 0.4715818166732788 99
1761510884707 1.1370182037353516 0
