1761381811128 0.45413869619369507 0
1761381812584 0.46711409091949463 1
1761381814014 0.4608501195907593 2
1761381815429 0.4796420633792877 3
1761381816918 0.5131990909576416 4
1761381818359 0.500223696231842 5
1761381819783 0.5024608373641968 6
1761381821202 0.518568217754364 7
1761381822589 0.5328859090805054 8
1761381823977 0.5078299641609192 9
1761381825367 0.5337807536125183 10
1761381826817 0.519463062286377 11
1761381828263 0.5516778230667114 12
1761381829662 0.5579418540000916 13
1761381831094 0.554362416267395 14
1761381832490 0.5489932894706726 15
1761381833915 0.5642058253288269 16
1761381835299 0.5749440789222717 17
1761381836730 0.5758389234542847 18
1761381838148 0.5906040072441101 19
1761381839568 0.5923937559127808 20
1761381841004 0.5803132057189941 21
1761381842451 0.5923937559127808 22
1761381843939 0.6058165431022644 23
1761381845371 0.6089485287666321 24
1761381846767 0.6111856698989868 25
1761381848195 0.6228187680244446 26
1761381849584 0.6116331219673157 27
1761381850962 0.6223713755607605 28
1761381852393 0.6250559091567993 29
1761381853777 0.6223713755607605 30
1761381855174 0.627293050289154 31
1761381856631 0.6246085166931152 32
1761381858074 0.6299776434898376 33
1761381859516 0.6317673325538635 34
1761381860915 0.6237136721611023 35
1761381862296 0.6286353468894958 36
1761381863667 0.6348993182182312 37
1761381865030 0.6286353468894958 38
1761381866407 0.618791937828064 39
1761381867883 0.6263982057571411 40
1761381869293 0.6255033612251282 41
1761381870677 0.6290827989578247 42
1761381872050 0.628187894821167 43
1761381873463 0.6425055861473083 44
1761381874851 0.6317673325538635 45
1761381876276 0.6277405023574829 46
1761381877695 0.6402684450149536 47
1761381879122 0.6335570216178894 48
1761381880596 0.6331096291542053 49
1761381811128 0.45413869619369507 0
