1761381811128 2.160616397857666 0
1761381812584 1.9702539443969727 1
1761381814014 1.7736682891845703 2
1761381815429 1.745682954788208 3
1761381816918 1.5788202285766602 4
1761381818359 1.5479472875595093 5
1761381819783 1.458013892173767 6
1761381821202 1.4214147329330444 7
1761381822589 1.3766263723373413 8
1761381823977 1.3990824222564697 9
1761381825367 1.2648159265518188 10
1761381826817 1.2693901062011719 11
1761381828263 1.185667634010315 12
1761381829662 1.1174196004867554 13
1761381831094 1.106326937675476 14
1761381832490 1.0786411762237549 15
1761381833915 1.0495147705078125 16
1761381835299 1.0107492208480835 17
1761381836730 0.9859377145767212 18
1761381838148 0.9724160432815552 19
1761381839568 0.9621793031692505 20
1761381841004 0.9620369672775269 21
1761381842451 0.9308857917785645 22
1761381843939 0.9170477986335754 23
1761381845371 0.9072065949440002 24
1761381846767 0.9078589677810669 25
1761381848195 0.8819643259048462 26
1761381849584 0.8775237798690796 27
1761381850962 0.8738575577735901 28
1761381852393 0.8734708428382874 29
1761381853777 0.8636646270751953 30
1761381855174 0.8828279972076416 31
1761381856631 0.8657997846603394 32
1761381858074 0.8626427054405212 33
1761381859516 0.8607043623924255 34
1761381860915 0.8542745113372803 35
1761381862296 0.8557444214820862 36
1761381863667 0.8624159693717957 37
1761381865030 0.8548073172569275 38
1761381866407 0.862382709980011 39
1761381867883 0.8516250848770142 40
1761381869293 0.8727013468742371 41
1761381870677 0.8478066325187683 42
1761381872050 0.8573488593101501 43
1761381873463 0.8367009162902832 44
1761381874851 0.8414074778556824 45
1761381876276 0.857668936252594 46
1761381877695 0.8410757780075073 47
1761381879122 0.8511620163917542 48
1761381880596 0.8501266241073608 49
1761381811128 2.160616397857666 0
