1761435210004 0.354362428188324 0
1761435210605 0.3624161183834076 1
1761435211184 0.37404921650886536 2
1761435211759 0.3762863576412201 3
1761435212331 0.4134228229522705 4
1761435212893 0.4152125418186188 5
1761435213451 0.4232662320137024 6
1761435214021 0.42550334334373474 7
1761435214582 0.4331096112728119 8
1761435215159 0.43937361240386963 9
1761435215752 0.4384787380695343 10
1761435216318 0.4425055980682373 11
1761435216877 0.43758389353752136 12
1761435217439 0.4429530203342438 13
1761435218008 0.44474273920059204 14
1761435218578 0.4442952871322632 15
1761435219132 0.4469798803329468 16
1761435219686 0.4550335705280304 17
1761435220281 0.4608501195907593 18
1761435220843 0.4478747248649597 19
1761435221404 0.45458611845970154 20
1761435221962 0.4523490071296692 21
1761435222527 0.45413869619369507 22
1761435223084 0.46263980865478516 23
1761435223641 0.45413869619369507 24
1761435224203 0.4617449641227722 25
1761435224762 0.4657718241214752 26
1761435225338 0.4595078229904175 27
1761435225903 0.4621923863887787 28
1761435226494 0.4617449641227722 29
1761435227048 0.45458611845970154 30
1761435227601 0.4617449641227722 31
1761435228153 0.45816555619239807 32
1761435228709 0.4595078229904175 33
1761435229266 0.47203579545021057 34
1761435229820 0.46532437205314636 35
1761435230379 0.4648769497871399 36
1761435230936 0.4689038097858429 37
1761435231490 0.4604026973247528 38
1761435232044 0.463087260723114 39
1761435232614 0.46398210525512695 40
1761435233166 0.4662192463874817 41
1761435233719 0.4648769497871399 42
1761435234272 0.4657718241214752 43
1761435234824 0.4782997667789459 44
1761435235422 0.45816555619239807 45
1761435235980 0.4747203588485718 46
1761435236535 0.4648769497871399 47
1761435237091 0.4684563875198364 48
1761435237646 0.45861297845840454 49
1761435210004 0.354362428188324 0
