1761435210004 1.1074509620666504 0
1761435210605 1.1030786037445068 1
1761435211184 1.0981128215789795 2
1761435211759 1.0923702716827393 3
1761435212331 1.08121657371521 4
1761435212893 1.0750318765640259 5
1761435213451 1.0700563192367554 6
1761435214021 1.0694684982299805 7
1761435214582 1.0614104270935059 8
1761435215159 1.0593711137771606 9
1761435215752 1.0615524053573608 10
1761435216318 1.055389642715454 11
1761435216877 1.0537794828414917 12
1761435217439 1.051411747932434 13
1761435218008 1.048663854598999 14
1761435218578 1.0476030111312866 15
1761435219132 1.0435802936553955 16
1761435219686 1.0425113439559937 17
1761435220281 1.0423699617385864 18
1761435220843 1.0422661304473877 19
1761435221404 1.0402443408966064 20
1761435221962 1.041299819946289 21
1761435222527 1.0407328605651855 22
1761435223084 1.038243055343628 23
1761435223641 1.0376348495483398 24
1761435224203 1.0394558906555176 25
1761435224762 1.0375274419784546 26
1761435225338 1.0358742475509644 27
1761435225903 1.0363941192626953 28
1761435226494 1.0371732711791992 29
1761435227048 1.0360318422317505 30
1761435227601 1.0370177030563354 31
1761435228153 1.0329582691192627 32
1761435228709 1.0366681814193726 33
1761435229266 1.035194754600525 34
1761435229820 1.0339218378067017 35
1761435230379 1.0342050790786743 36
1761435230936 1.0311226844787598 37
1761435231490 1.0316945314407349 38
1761435232044 1.0303585529327393 39
1761435232614 1.032073736190796 40
1761435233166 1.0308583974838257 41
1761435233719 1.0325555801391602 42
1761435234272 1.0301132202148438 43
1761435234824 1.0277493000030518 44
1761435235422 1.0309686660766602 45
1761435235980 1.0271884202957153 46
1761435236535 1.0274908542633057 47
1761435237091 1.0295827388763428 48
1761435237646 1.031139612197876 49
1761435210004 1.1074509620666504 0
