1761510784946 0.4067113995552063 0
1761510785445 0.41297540068626404 1
1761510785945 0.4232662320137024 2
1761510786439 0.42102909088134766 3
1761510786927 0.42102909088134766 4
1761510787410 0.4192393720149994 5
1761510787959 0.42953020334243774 6
1761510788544 0.42953020334243774 7
1761510789071 0.42550334334373474 8
1761510789624 0.42639821767807007 9
1761510790152 0.42013421654701233 10
1761510790653 0.43355703353881836 11
1761510791146 0.4165548086166382 12
1761510791642 0.42371365427970886 13
1761510792138 0.4259507954120636 14
1761510792637 0.4219239354133606 15
1761510793129 0.4174496531486511 16
1761510793627 0.4340044856071472 17
1761510794121 0.43087247014045715 18
1761510794621 0.4192393720149994 19
1761510795110 0.4152125418186188 20
1761510795640 0.4259507954120636 21
1761510796175 0.4286353588104248 22
1761510796742 0.42639821767807007 23
1761510797302 0.4331096112728119 24
1761510797806 0.42639821767807007 25
1761510798361 0.427293062210083 26
1761510798883 0.4286353588104248 27
1761510799385 0.4277404844760895 28
1761510799885 0.4366890490055084 29
1761510800365 0.42371365427970886 30
1761510800900 0.4232662320137024 31
1761510801405 0.4192393720149994 32
1761510801892 0.43087247014045715 33
1761510802374 0.43758389353752136 34
1761510802863 0.43624159693717957 35
1761510803352 0.43758389353752136 36
1761510803847 0.43355703353881836 37
1761510804324 0.4331096112728119 38
1761510804865 0.4353467524051666 39
1761510805391 0.43221476674079895 40
1761510805877 0.43087247014045715 41
1761510806530 0.4366890490055084 42
1761510807054 0.4259507954120636 43
1761510807532 0.4340044856071472 44
1761510808013 0.4353467524051666 45
1761510808495 0.44876956939697266 46
1761510808973 0.43221476674079895 47
1761510809450 0.4371364712715149 48
1761510809930 0.43892616033554077 49
1761510810415 0.4398210346698761 50
1761510810933 0.4384787380695343 51
1761510811412 0.43624159693717957 52
1761510811899 0.43758389353752136 53
1761510812387 0.43489933013916016 54
1761510812927 0.44876956939697266 55
1761510813446 0.43624159693717957 56
1761510813948 0.44608500599861145 57
1761510814426 0.4340044856071472 58
1761510814904 0.441610723733902 59
1761510815396 0.4425055980682373 60
1761510815890 0.44026845693588257 61
1761510816373 0.4469798803329468 62
1761510816869 0.4469798803329468 63
1761510817353 0.4492169916629791 64
1761510817972 0.4411633014678955 65
1761510818468 0.4442952871322632 66
1761510818960 0.445637583732605 67
1761510819455 0.43489933013916016 68
1761510819956 0.45145413279533386 69
1761510820458 0.4411633014678955 70
1761510821125 0.44742730259895325 71
1761510821624 0.4478747248649597 72
1761510822120 0.4469798803329468 73
1761510822614 0.4505592882633209 74
1761510823107 0.45861297845840454 75
1761510823600 0.45458611845970154 76
1761510824100 0.45190155506134033 77
1761510824591 0.4563758373260498 78
1761510825086 0.463087260723114 79
1761510825575 0.44608500599861145 80
1761510826093 0.45548099279403687 81
1761510826610 0.4536912739276886 82
1761510827130 0.45413869619369507 83
1761510827622 0.45592841506004333 84
1761510828190 0.4563758373260498 85
1761510828712 0.45816555619239807 86
1761510829217 0.459060400724411 87
1761510829762 0.4492169916629791 88
1761510830277 0.45190155506134033 89
1761510830767 0.45592841506004333 90
1761510831256 0.45413869619369507 91
1761510831753 0.45995524525642395 92
1761510832238 0.4604026973247528 93
1761510832728 0.459060400724411 94
1761510833222 0.46800893545150757 95
1761510833715 0.463087260723114 96
1761510834209 0.45995524525642395 97
1761510834715 0.4662192463874817 98
1761510835212 0.46711409091949463 99
1761510784946 0.4067113995552063 0
