1761510784946 1.093432068824768 0
1761510785445 1.0812040567398071 1
1761510785945 1.078674554824829 2
1761510786439 1.0797616243362427 3
1761510786927 1.0749026536941528 4
1761510787410 1.0739243030548096 5
1761510787959 1.072096824645996 6
1761510788544 1.0749891996383667 7
1761510789071 1.0694280862808228 8
1761510789624 1.0716185569763184 9
1761510790152 1.0718929767608643 10
1761510790653 1.0689283609390259 11
1761510791146 1.069561243057251 12
1761510791642 1.0685638189315796 13
1761510792138 1.067519187927246 14
1761510792637 1.0692577362060547 15
1761510793129 1.0680691003799438 16
1761510793627 1.0665996074676514 17
1761510794121 1.0661739110946655 18
1761510794621 1.0685676336288452 19
1761510795110 1.0675561428070068 20
1761510795640 1.0657371282577515 21
1761510796175 1.066352128982544 22
1761510796742 1.068507432937622 23
1761510797302 1.067296028137207 24
1761510797806 1.067273736000061 25
1761510798361 1.0665339231491089 26
1761510798883 1.0660213232040405 27
1761510799385 1.064118504524231 28
1761510799885 1.0666855573654175 29
1761510800365 1.0649142265319824 30
1761510800900 1.067022681236267 31
1761510801405 1.0642396211624146 32
1761510801892 1.065405011177063 33
1761510802374 1.0631660223007202 34
1761510802863 1.0638067722320557 35
1761510803352 1.0619070529937744 36
1761510803847 1.0633984804153442 37
1761510804324 1.0649592876434326 38
1761510804865 1.0643939971923828 39
1761510805391 1.0639798641204834 40
1761510805877 1.0627859830856323 41
1761510806530 1.0621364116668701 42
1761510807054 1.0623070001602173 43
1761510807532 1.0634956359863281 44
1761510808013 1.065112590789795 45
1761510808495 1.0601154565811157 46
1761510808973 1.0617530345916748 47
1761510809450 1.0604636669158936 48
1761510809930 1.059483528137207 49
1761510810415 1.0602490901947021 50
1761510810933 1.0597660541534424 51
1761510811412 1.060619831085205 52
1761510811899 1.0598119497299194 53
1761510812387 1.056913137435913 54
1761510812927 1.057094931602478 55
1761510813446 1.0551908016204834 56
1761510813948 1.0572422742843628 57
1761510814426 1.0564520359039307 58
1761510814904 1.0548312664031982 59
1761510815396 1.055599570274353 60
1761510815890 1.0539469718933105 61
1761510816373 1.0532708168029785 62
1761510816869 1.0555717945098877 63
1761510817353 1.053378701210022 64
1761510817972 1.0545259714126587 65
1761510818468 1.0506396293640137 66
1761510818960 1.0510447025299072 67
1761510819455 1.0523617267608643 68
1761510819956 1.051853060722351 69
1761510820458 1.052008032798767 70
1761510821125 1.048984408378601 71
1761510821624 1.0474960803985596 72
1761510822120 1.0472853183746338 73
1761510822614 1.046882152557373 74
1761510823107 1.045961856842041 75
1761510823600 1.0462594032287598 76
1761510824100 1.0445796251296997 77
1761510824591 1.0431686639785767 78
1761510825086 1.0449732542037964 79
1761510825575 1.044192910194397 80
1761510826093 1.0442125797271729 81
1761510826610 1.0413819551467896 82
1761510827130 1.0417308807373047 83
1761510827622 1.0413818359375 84
1761510828190 1.04031240940094 85
1761510828712 1.0396713018417358 86
1761510829217 1.0383626222610474 87
1761510829762 1.0374995470046997 88
1761510830277 1.040948510169983 89
1761510830767 1.0376056432724 90
1761510831256 1.036981463432312 91
1761510831753 1.0372649431228638 92
1761510832238 1.0379338264465332 93
1761510832728 1.0356248617172241 94
1761510833222 1.0315828323364258 95
1761510833715 1.0350885391235352 96
1761510834209 1.0348892211914062 97
1761510834715 1.0308082103729248 98
1761510835212 1.0319167375564575 99
1761510784946 1.093432068824768 0
