1761436464618 0.4076062738895416 0
1761436465124 0.441610723733902 1
1761436465622 0.4304250478744507 2
1761436466104 0.44474273920059204 3
1761436466588 0.46129754185676575 4
1761436467067 0.44340044260025024 5
1761436467552 0.4523490071296692 6
1761436468036 0.45592841506004333 7
1761436468517 0.4662192463874817 8
1761436468998 0.4675615131855011 9
1761436469478 0.46935123205184937 10
1761436469959 0.47203579545021057 11
1761436470438 0.4662192463874817 12
1761436470922 0.4657718241214752 13
1761436471402 0.46979865431785583 14
1761436471881 0.4675615131855011 15
1761436472358 0.4644295275211334 16
1761436472842 0.47114095091819763 17
1761436473323 0.46800893545150757 18
1761436473805 0.46532437205314636 19
1761436474283 0.4689038097858429 20
1761436474765 0.46398210525512695 21
1761436475242 0.47651007771492004 22
1761436475722 0.47114095091819763 23
1761436476203 0.47203579545021057 24
1761436476681 0.4604026973247528 25
1761436477162 0.4648769497871399 26
1761436477643 0.46666666865348816 27
1761436478122 0.4729306399822235 28
1761436478603 0.4706934988498688 29
1761436479086 0.47785234451293945 30
1761436479568 0.47919464111328125 31
1761436480049 0.46979865431785583 32
1761436480529 0.4796420633792877 33
1761436481010 0.4814317524433136 34
1761436481487 0.4648769497871399 35
1761436481964 0.46935123205184937 36
1761436482450 0.47651007771492004 37
1761436482932 0.46532437205314636 38
1761436483411 0.47114095091819763 39
1761436483893 0.4796420633792877 40
1761436484370 0.47337806224823 41
1761436484853 0.47337806224823 42
1761436485332 0.4729306399822235 43
1761436485812 0.4787471890449524 44
1761436486293 0.4747203588485718 45
1761436486778 0.4796420633792877 46
1761436487260 0.4823266267776489 47
1761436487742 0.4787471890449524 48
1761436488223 0.4729306399822235 49
1761436464618 0.4076062738895416 0
