1761436464618 1.0982120037078857 0
1761436465124 1.0645719766616821 1
1761436465622 1.067275047302246 2
1761436466104 1.0582112073898315 3
1761436466588 1.0547552108764648 4
1761436467067 1.0546408891677856 5
1761436467552 1.05153226852417 6
1761436468036 1.0530238151550293 7
1761436468517 1.0517641305923462 8
1761436468998 1.0471408367156982 9
1761436469478 1.0462448596954346 10
1761436469959 1.0462740659713745 11
1761436470438 1.0468474626541138 12
1761436470922 1.0472187995910645 13
1761436471402 1.0458258390426636 14
1761436471881 1.0405892133712769 15
1761436472358 1.0450280904769897 16
1761436472842 1.0399545431137085 17
1761436473323 1.0399761199951172 18
1761436473805 1.0433892011642456 19
1761436474283 1.0375745296478271 20
1761436474765 1.0408339500427246 21
1761436475242 1.0377694368362427 22
1761436475722 1.0380682945251465 23
1761436476203 1.0373022556304932 24
1761436476681 1.0366231203079224 25
1761436477162 1.0377752780914307 26
1761436477643 1.0378650426864624 27
1761436478122 1.0384243726730347 28
1761436478603 1.0364727973937988 29
1761436479086 1.0333664417266846 30
1761436479568 1.0345736742019653 31
1761436480049 1.0364488363265991 32
1761436480529 1.0319961309432983 33
1761436481010 1.0360709428787231 34
1761436481487 1.0325483083724976 35
1761436481964 1.0360082387924194 36
1761436482450 1.0354597568511963 37
1761436482932 1.0338664054870605 38
1761436483411 1.0330508947372437 39
1761436483893 1.0304648876190186 40
1761436484370 1.0338115692138672 41
1761436484853 1.0319573879241943 42
1761436485332 1.0299205780029297 43
1761436485812 1.0325738191604614 44
1761436486293 1.0339763164520264 45
1761436486778 1.029219388961792 46
1761436487260 1.0311490297317505 47
1761436487742 1.0319156646728516 48
1761436488223 1.027750849723816 49
1761436464618 1.0982120037078857 0
