1761512912135 0.3789709210395813 0
1761512912774 0.39731544256210327 1
1761512913289 0.41297540068626404 2
1761512913803 0.4120805263519287 3
1761512914319 0.4147650897502899 4
1761512914813 0.42102909088134766 5
1761512915312 0.41297540068626404 6
1761512915805 0.41118568181991577 7
1761512916320 0.42102909088134766 8
1761512916945 0.42013421654701233 9
1761512917438 0.4246084988117218 10
1761512917933 0.4219239354133606 11
1761512918428 0.413870245218277 12
1761512918918 0.42102909088134766 13
1761512919408 0.4187919497489929 14
1761512919897 0.42505592107772827 15
1761512920400 0.42281877994537354 16
1761512920901 0.41565996408462524 17
1761512921394 0.41789710521698 18
1761512921928 0.41789710521698 19
1761512922452 0.42684563994407654 20
1761512922965 0.42013421654701233 21
1761512923494 0.4290827810764313 22
1761512923984 0.41789710521698 23
1761512924519 0.431319922208786 24
1761512925012 0.4299776256084442 25
1761512925547 0.4152125418186188 26
1761512926063 0.4232662320137024 27
1761512926565 0.42281877994537354 28
1761512927085 0.4326621890068054 29
1761512927602 0.43087247014045715 30
1761512928098 0.42684563994407654 31
1761512928592 0.4304250478744507 32
1761512929086 0.42237135767936707 33
1761512929595 0.42281877994537354 34
1761512930107 0.43087247014045715 35
1761512930599 0.4290827810764313 36
1761512931094 0.43087247014045715 37
1761512931609 0.42102909088134766 38
1761512932095 0.41968679428100586 39
1761512932582 0.4277404844760895 40
1761512933073 0.441610723733902 41
1761512933561 0.42505592107772827 42
1761512934106 0.4290827810764313 43
1761512934611 0.42818790674209595 44
1761512935134 0.4331096112728119 45
1761512935623 0.43355703353881836 46
1761512936128 0.43489933013916016 47
1761512936629 0.43937361240386963 48
1761512937125 0.44608500599861145 49
1761512937650 0.4326621890068054 50
1761512938153 0.4326621890068054 51
1761512938732 0.44071587920188904 52
1761512939343 0.44026845693588257 53
1761512939904 0.43758389353752136 54
1761512940394 0.43221476674079895 55
1761512940885 0.43758389353752136 56
1761512941431 0.42684563994407654 57
1761512941938 0.43758389353752136 58
1761512942420 0.4398210346698761 59
1761512942911 0.4451901614665985 60
1761512943407 0.44205817580223083 61
1761512943962 0.4398210346698761 62
1761512944524 0.4326621890068054 63
1761512945032 0.43758389353752136 64
1761512945519 0.4438478648662567 65
1761512946009 0.44340044260025024 66
1761512946494 0.4451901614665985 67
1761512946980 0.4371364712715149 68
1761512947490 0.449664443731308 69
1761512947983 0.44876956939697266 70
1761512948470 0.441610723733902 71
1761512948953 0.4438478648662567 72
1761512949454 0.445637583732605 73
1761512949948 0.4442952871322632 74
1761512950437 0.4438478648662567 75
1761512950928 0.45011186599731445 76
1761512951434 0.4510067105293274 77
1761512951938 0.4442952871322632 78
1761512952434 0.449664443731308 79
1761512952972 0.4492169916629791 80
1761512953477 0.441610723733902 81
1761512953971 0.45324385166168213 82
1761512954456 0.44340044260025024 83
1761512954941 0.44876956939697266 84
1761512955420 0.4492169916629791 85
1761512955905 0.44876956939697266 86
1761512956403 0.44026845693588257 87
1761512956929 0.45011186599731445 88
1761512957466 0.45816555619239807 89
1761512958075 0.4469798803329468 90
1761512958596 0.4523490071296692 91
1761512959089 0.45413869619369507 92
1761512959595 0.449664443731308 93
1761512960090 0.4442952871322632 94
1761512960577 0.45011186599731445 95
1761512961069 0.45995524525642395 96
1761512961557 0.45548099279403687 97
1761512962041 0.44876956939697266 98
1761512962537 0.46711409091949463 99
1761512912135 0.3789709210395813 0
