1761512912135 1.1100401878356934 0
1761512912774 1.0828962326049805 1
1761512913289 1.0791687965393066 2
1761512913803 1.0799766778945923 3
1761512914319 1.0781785249710083 4
1761512914813 1.074623703956604 5
1761512915312 1.0771905183792114 6
1761512915805 1.0729769468307495 7
1761512916320 1.0723936557769775 8
1761512916945 1.0721004009246826 9
1761512917438 1.0721169710159302 10
1761512917933 1.0702221393585205 11
1761512918428 1.0730986595153809 12
1761512918918 1.0724281072616577 13
1761512919408 1.0698097944259644 14
1761512919897 1.0696049928665161 15
1761512920400 1.0737682580947876 16
1761512920901 1.0710899829864502 17
1761512921394 1.069875717163086 18
1761512921928 1.0708847045898438 19
1761512922452 1.0673166513442993 20
1761512922965 1.070577621459961 21
1761512923494 1.0690642595291138 22
1761512923984 1.0689971446990967 23
1761512924519 1.0655213594436646 24
1761512925012 1.0671054124832153 25
1761512925547 1.0692826509475708 26
1761512926063 1.0680861473083496 27
1761512926565 1.0726146697998047 28
1761512927085 1.0682226419448853 29
1761512927602 1.0681626796722412 30
1761512928098 1.0651406049728394 31
1761512928592 1.0666494369506836 32
1761512929086 1.0686044692993164 33
1761512929595 1.068044900894165 34
1761512930107 1.0648488998413086 35
1761512930599 1.0650432109832764 36
1761512931094 1.064406156539917 37
1761512931609 1.065443754196167 38
1761512932095 1.066565990447998 39
1761512932582 1.0643515586853027 40
1761512933073 1.0608952045440674 41
1761512933561 1.0638705492019653 42
1761512934106 1.0638493299484253 43
1761512934611 1.062378168106079 44
1761512935134 1.0615803003311157 45
1761512935623 1.0600234270095825 46
1761512936128 1.0620207786560059 47
1761512936629 1.0609055757522583 48
1761512937125 1.0601859092712402 49
1761512937650 1.062402606010437 50
1761512938153 1.062044382095337 51
1761512938732 1.0594083070755005 52
1761512939343 1.058639645576477 53
1761512939904 1.0574768781661987 54
1761512940394 1.0595731735229492 55
1761512940885 1.0585761070251465 56
1761512941431 1.056963562965393 57
1761512941938 1.0585962533950806 58
1761512942420 1.056064248085022 59
1761512942911 1.0567914247512817 60
1761512943407 1.0589187145233154 61
1761512943962 1.0558568239212036 62
1761512944524 1.0575480461120605 63
1761512945032 1.0542635917663574 64
1761512945519 1.0541430711746216 65
1761512946009 1.0550967454910278 66
1761512946494 1.054797649383545 67
1761512946980 1.0534852743148804 68
1761512947490 1.0528593063354492 69
1761512947983 1.051692247390747 70
1761512948470 1.0545125007629395 71
1761512948953 1.0527666807174683 72
1761512949454 1.0497478246688843 73
1761512949948 1.0488269329071045 74
1761512950437 1.0511817932128906 75
1761512950928 1.0520308017730713 76
1761512951434 1.0471913814544678 77
1761512951938 1.0478894710540771 78
1761512952434 1.0493884086608887 79
1761512952972 1.0460433959960938 80
1761512953477 1.0459944009780884 81
1761512953971 1.04471755027771 82
1761512954456 1.0455337762832642 83
1761512954941 1.0469876527786255 84
1761512955420 1.0449957847595215 85
1761512955905 1.0431495904922485 86
1761512956403 1.0464433431625366 87
1761512956929 1.0424566268920898 88
1761512957466 1.0420621633529663 89
1761512958075 1.0434225797653198 90
1761512958596 1.0416631698608398 91
1761512959089 1.0397908687591553 92
1761512959595 1.0414741039276123 93
1761512960090 1.0419986248016357 94
1761512960577 1.0378422737121582 95
1761512961069 1.0399593114852905 96
1761512961557 1.0383766889572144 97
1761512962041 1.0374729633331299 98
1761512962537 1.037548542022705 99
1761512912135 1.1100401878356934 0
