1761437160603 0.43355703353881836 0
1761437161187 0.4568232595920563 1
1761437161748 0.45727068185806274 2
1761437162321 0.47516778111457825 3
1761437162885 0.4800894856452942 4
1761437163455 0.48903802037239075 5
1761437164022 0.4894854724407196 6
1761437164583 0.49440714716911316 7
1761437165162 0.4921700358390808 8
1761437165721 0.49709171056747437 9
1761437166286 0.5029082894325256 10
1761437166859 0.5154362320899963 11
1761437167431 0.5176733732223511 12
1761437168003 0.5378075838088989 13
1761437168578 0.5418344736099243 14
1761437169153 0.5310962200164795 15
1761437169718 0.5472036004066467 16
1761437170293 0.5454138517379761 17
1761437170857 0.5682326555252075 18
1761437171422 0.562416136264801 19
1761437171985 0.5861297249794006 20
1761437172561 0.5964205861091614 21
1761437173132 0.5932886004447937 22
1761437173705 0.6071588397026062 23
1761437174282 0.5982102751731873 24
1761437174850 0.6040268540382385 25
1761437175431 0.6156599521636963 26
1761437175991 0.6147651076316833 27
1761437176565 0.6165547966957092 28
1761437177135 0.6380313038825989 29
1761437177707 0.6196867823600769 30
1761437178275 0.6371364593505859 31
1761437178841 0.6492170095443726 32
1761437179397 0.6371364593505859 33
1761437179970 0.6572706699371338 34
1761437180527 0.6501118540763855 35
1761437181098 0.646532416343689 36
1761437181659 0.6505593061447144 37
1761437182233 0.672035813331604 38
1761437182796 0.6791946291923523 39
1761437183374 0.6581655740737915 40
1761437183947 0.672035813331604 41
1761437184516 0.6684563755989075 42
1761437185085 0.6791946291923523 43
1761437185648 0.6697986721992493 44
1761437186223 0.6827740669250488 45
1761437186794 0.6872483491897583 46
1761437187365 0.6872483491897583 47
1761437187939 0.68232661485672 48
1761437188516 0.6921700239181519 49
1761437160603 0.43355703353881836 0
