1761437160603 1.0757477283477783 0
1761437161187 1.056472897529602 1
1761437161748 1.0491094589233398 2
1761437162321 1.0412955284118652 3
1761437162885 1.0343879461288452 4
1761437163455 1.0247085094451904 5
1761437164022 1.0172065496444702 6
1761437164583 1.0104974508285522 7
1761437165162 1.0090962648391724 8
1761437165721 0.9978549480438232 9
1761437166286 0.9889522790908813 10
1761437166859 0.9834842085838318 11
1761437167431 0.9746635556221008 12
1761437168003 0.9609331488609314 13
1761437168578 0.9573730230331421 14
1761437169153 0.9563745260238647 15
1761437169718 0.9360790848731995 16
1761437170293 0.9456437230110168 17
1761437170857 0.9162631630897522 18
1761437171422 0.9231812357902527 19
1761437171985 0.8977265954017639 20
1761437172561 0.8837344646453857 21
1761437173132 0.8712063431739807 22
1761437173705 0.8647336959838867 23
1761437174282 0.8801326751708984 24
1761437174850 0.8571556806564331 25
1761437175431 0.8425655364990234 26
1761437175991 0.8298100233078003 27
1761437176565 0.8347280025482178 28
1761437177135 0.807161271572113 29
1761437177707 0.8227928280830383 30
1761437178275 0.8112569451332092 31
1761437178841 0.7866496443748474 32
1761437179397 0.8034259080886841 33
1761437179970 0.775002121925354 34
1761437180527 0.7769823670387268 35
1761437181098 0.778315544128418 36
1761437181659 0.7845404744148254 37
1761437182233 0.7432481050491333 38
1761437182796 0.7265298366546631 39
1761437183374 0.7607828974723816 40
1761437183947 0.7307724952697754 41
1761437184516 0.7376061677932739 42
1761437185085 0.7142143249511719 43
1761437185648 0.7474466562271118 44
1761437186223 0.716083288192749 45
1761437186794 0.706230640411377 46
1761437187365 0.7045110464096069 47
1761437187939 0.7001450657844543 48
1761437188516 0.686608612537384 49
1761437160603 1.0757477283477783 0
