1761513273842 0.39373600482940674 0
1761513274676 0.39776286482810974 1
1761513275493 0.42371365427970886 2
1761513276257 0.4384787380695343 3
1761513276910 0.4702460765838623 4
1761513277584 0.4854586124420166 5
1761513278267 0.4953020215034485 6
1761513279000 0.5181208252906799 7
1761513279661 0.5472036004066467 8
1761513280344 0.5597315430641174 9
1761513281130 0.5946308970451355 10
1761513281787 0.6058165431022644 11
1761513282442 0.6380313038825989 12
1761513283153 0.6519015431404114 13
1761513283806 0.6693512201309204 14
1761513284490 0.6809843182563782 15
1761513285162 0.6948545575141907 16
1761513285834 0.7208053469657898 17
1761513286494 0.727516770362854 18
1761513287149 0.7472035884857178 19
1761513287819 0.7646532654762268 20
1761513288515 0.7713646292686462 21
1761513289194 0.7834451794624329 22
1761513289842 0.7843400239944458 23
1761513290555 0.7897091507911682 24
1761513291234 0.8089485168457031 25
1761513291909 0.8116331100463867 26
1761513292637 0.827740490436554 27
1761513293416 0.8375838994979858 28
1761513294103 0.8568232655525208 29
1761513294839 0.8527964353561401 30
1761513295837 0.862639844417572 31
1761513296647 0.8532438278198242 32
1761513297287 0.8738254904747009 33
1761513297934 0.8894854784011841 34
1761513298577 0.8751677870750427 35
1761513299292 0.8814317584037781 36
1761513300043 0.9033557176589966 37
1761513300724 0.9042505621910095 38
1761513301403 0.9172259569168091 39
1761513302107 0.8975391387939453 40
1761513302796 0.9123042225837708 41
1761513303487 0.9109619855880737 42
1761513304219 0.9324384927749634 43
1761513304891 0.935570478439331 44
1761513305598 0.9091722369194031 45
1761513306282 0.9400447607040405 46
1761513306938 0.9503355622291565 47
1761513307607 0.9440715909004211 48
1761513308294 0.9346756339073181 49
1761513308946 0.9391499161720276 50
1761513309647 0.9565995335578918 51
1761513310572 0.9360178709030151 52
1761513311468 0.94451904296875 53
1761513312145 0.9565995335578918 54
1761513312873 0.9601789712905884 55
1761513313544 0.945861279964447 56
1761513314193 0.9677852392196655 57
1761513314886 0.9686800837516785 58
1761513315576 0.9454138875007629 59
1761513316288 0.9387024641036987 60
1761513316946 0.9534675478935242 61
1761513317623 0.9677852392196655 62
1761513318277 0.9780760407447815 63
1761513318926 0.9610738158226013 64
1761513319564 0.9624161124229431 65
1761513320219 0.9579418301582336 66
1761513320860 0.9695749282836914 67
1761513321504 0.9637584090232849 68
1761513322145 0.9512304067611694 69
1761513322784 0.9561521410942078 70
1761513323436 0.9767338037490845 71
1761513324122 0.982550323009491 72
1761513324840 0.9767338037490845 73
1761513325507 0.964205801486969 74
1761513326200 0.9333333373069763 75
1761513326885 0.9565995335578918 76
1761513327537 0.9646532535552979 77
1761513328179 0.9803131818771362 78
1761513328856 0.9713646769523621 79
1761513329644 0.9771811962127686 80
1761513330476 0.9762863516807556 81
1761513331310 0.9740492105484009 82
1761513332076 0.9829977750778198 83
1761513332883 0.9838926196098328 84
1761513333705 0.9883669018745422 85
1761513334578 0.991946280002594 86
1761513335340 0.9883669018745422 87
1761513335996 0.9677852392196655 88
1761513336645 0.9288590550422668 89
1761513337376 0.9243847727775574 90
1761513338210 0.9579418301582336 91
1761513339009 0.981655478477478 92
1761513339655 0.990604043006897 93
1761513340309 0.9888142943382263 94
1761513340983 0.991946280002594 95
1761513341656 0.9941834211349487 96
1761513342318 0.990604043006897 97
1761513342995 0.9776286482810974 98
1761513343954 0.9829977750778198 99
1761513273842 0.39373600482940674 0
