1761513273842 1.090246319770813 0
1761513274676 1.0796507596969604 1
1761513275493 1.0637233257293701 2
1761513276257 1.0546423196792603 3
1761513276910 1.0316877365112305 4
1761513277584 1.0076980590820312 5
1761513278267 0.998550534248352 6
1761513279000 0.9636226296424866 7
1761513279661 0.93236243724823 8
1761513280344 0.9047778248786926 9
1761513281130 0.8724977374076843 10
1761513281787 0.8445947170257568 11
1761513282442 0.7995082139968872 12
1761513283153 0.7714585661888123 13
1761513283806 0.7334554195404053 14
1761513284490 0.7075280547142029 15
1761513285162 0.6945724487304688 16
1761513285834 0.6610854864120483 17
1761513286494 0.6265265345573425 18
1761513287149 0.5927940011024475 19
1761513287819 0.5753039121627808 20
1761513288515 0.5448818206787109 21
1761513289194 0.521007776260376 22
1761513289842 0.5207346677780151 23
1761513290555 0.4803847074508667 24
1761513291234 0.45355239510536194 25
1761513291909 0.44523462653160095 26
1761513292637 0.43210187554359436 27
1761513293416 0.39617905020713806 28
1761513294103 0.3611977696418762 29
1761513294839 0.3627076745033264 30
1761513295837 0.3493964672088623 31
1761513296647 0.36048048734664917 32
1761513297287 0.3068866729736328 33
1761513297934 0.2868216037750244 34
1761513298577 0.3107227385044098 35
1761513299292 0.3177046477794647 36
1761513300043 0.25151726603507996 37
1761513300724 0.2519457936286926 38
1761513301403 0.2215082198381424 39
1761513302107 0.25792405009269714 40
1761513302796 0.24197563529014587 41
1761513303487 0.2246130406856537 42
1761513304219 0.1853179633617401 43
1761513304891 0.18503642082214355 44
1761513305598 0.23862916231155396 45
1761513306282 0.16306765377521515 46
1761513306938 0.15127891302108765 47
1761513307607 0.17340481281280518 48
1761513308294 0.19045604765415192 49
1761513308946 0.1657964438199997 50
1761513309647 0.13455872237682343 51
1761513310572 0.177657812833786 52
1761513311468 0.17015229165554047 53
1761513312145 0.14092594385147095 54
1761513312873 0.1407753825187683 55
1761513313544 0.17260530591011047 56
1761513314193 0.09884825348854065 57
1761513314886 0.09619642794132233 58
1761513315576 0.1621619611978531 59
1761513316288 0.17078645527362823 60
1761513316946 0.12998858094215393 61
1761513317623 0.09482560306787491 62
1761513318277 0.07110244780778885 63
1761513318926 0.1442047655582428 64
1761513319564 0.11162050813436508 65
1761513320219 0.12895770370960236 66
1761513320860 0.09435265511274338 67
1761513321504 0.10730268061161041 68
1761513322145 0.13910157978534698 69
1761513322784 0.11526971310377121 70
1761513323436 0.07177157700061798 71
1761513324122 0.06103183701634407 72
1761513324840 0.07112284004688263 73
1761513325507 0.1286771595478058 74
1761513326200 0.23032325506210327 75
1761513326885 0.11803413927555084 76
1761513327537 0.1080629751086235 77
1761513328179 0.054749030619859695 78
1761513328856 0.10415037721395493 79
1761513329644 0.0630021020770073 80
1761513330476 0.06655646860599518 81
1761513331310 0.07772310823202133 82
1761513332076 0.050441548228263855 83
1761513332883 0.05317537486553192 84
1761513333705 0.03454039618372917 85
1761513334578 0.03444712609052658 86
1761513335340 0.03507797047495842 87
1761513335996 0.10637665539979935 88
1761513336645 0.258774995803833 89
1761513337376 0.2487422376871109 90
1761513338210 0.1066255196928978 91
1761513339009 0.04883088171482086 92
1761513339655 0.030369898304343224 93
1761513340309 0.03617860749363899 94
1761513340983 0.02622462809085846 95
1761513341656 0.02016550675034523 96
1761513342318 0.033454589545726776 97
1761513342995 0.08480823040008545 98
1761513343954 0.06844756752252579 99
1761513273842 1.090246319770813 0
