1761435896055 0.38076063990592957 0
1761435896636 0.3803131878376007 1
1761435897212 0.386129766702652 2
1761435897774 0.38389262557029724 3
1761435898333 0.3901565968990326 4
1761435898893 0.4022371470928192 5
1761435899456 0.4277404844760895 6
1761435900017 0.4214765131473541 7
1761435900575 0.43221476674079895 8
1761435901137 0.44071587920188904 9
1761435901697 0.45324385166168213 10
1761435902254 0.4568232595920563 11
1761435902813 0.44205817580223083 12
1761435903372 0.45190155506134033 13
1761435903933 0.45995524525642395 14
1761435904493 0.4577181339263916 15
1761435905049 0.4550335705280304 16
1761435905610 0.45145413279533386 17
1761435906172 0.46263980865478516 18
1761435906727 0.45592841506004333 19
1761435907286 0.4621923863887787 20
1761435907840 0.459060400724411 21
1761435908396 0.45592841506004333 22
1761435908954 0.4563758373260498 23
1761435909511 0.45145413279533386 24
1761435910065 0.46666666865348816 25
1761435910621 0.45816555619239807 26
1761435911187 0.4604026973247528 27
1761435911747 0.4662192463874817 28
1761435912306 0.46263980865478516 29
1761435912862 0.46398210525512695 30
1761435913420 0.4675615131855011 31
1761435913978 0.4662192463874817 32
1761435914537 0.47203579545021057 33
1761435915094 0.4702460765838623 34
1761435915650 0.4684563875198364 35
1761435916207 0.4577181339263916 36
1761435916763 0.46711409091949463 37
1761435917321 0.46711409091949463 38
1761435917874 0.47382551431655884 39
1761435918430 0.47114095091819763 40
1761435918987 0.47919464111328125 41
1761435919542 0.4747203588485718 42
1761435920094 0.4715883731842041 43
1761435920650 0.4729306399822235 44
1761435921209 0.47114095091819763 45
1761435921760 0.48501119017601013 46
1761435922313 0.4742729365825653 47
1761435922869 0.4823266267776489 48
1761435923425 0.4782997667789459 49
1761435896055 0.38076063990592957 0
