1761435896055 1.0973716974258423 0
1761435896636 1.0884164571762085 1
1761435897212 1.087344765663147 2
1761435897774 1.0857850313186646 3
1761435898333 1.0890048742294312 4
1761435898893 1.0822539329528809 5
1761435899456 1.074998378753662 6
1761435900017 1.0751255750656128 7
1761435900575 1.0639102458953857 8
1761435901137 1.0640835762023926 9
1761435901697 1.0590412616729736 10
1761435902254 1.060512900352478 11
1761435902813 1.0647400617599487 12
1761435903372 1.0598596334457397 13
1761435903933 1.0571262836456299 14
1761435904493 1.05485999584198 15
1761435905049 1.0559377670288086 16
1761435905610 1.0549571514129639 17
1761435906172 1.0542888641357422 18
1761435906727 1.0545560121536255 19
1761435907286 1.0509390830993652 20
1761435907840 1.051832914352417 21
1761435908396 1.0513681173324585 22
1761435908954 1.0509300231933594 23
1761435909511 1.0510468482971191 24
1761435910065 1.0469043254852295 25
1761435910621 1.047041416168213 26
1761435911187 1.0475940704345703 27
1761435911747 1.0475553274154663 28
1761435912306 1.0440961122512817 29
1761435912862 1.0470584630966187 30
1761435913420 1.0449825525283813 31
1761435913978 1.0427812337875366 32
1761435914537 1.0421905517578125 33
1761435915094 1.0412964820861816 34
1761435915650 1.0406324863433838 35
1761435916207 1.044244408607483 36
1761435916763 1.0407310724258423 37
1761435917321 1.0365068912506104 38
1761435917874 1.0382885932922363 39
1761435918430 1.0396146774291992 40
1761435918987 1.0395523309707642 41
1761435919542 1.0378748178482056 42
1761435920094 1.0368058681488037 43
1761435920650 1.0344946384429932 44
1761435921209 1.0356534719467163 45
1761435921760 1.033953309059143 46
1761435922313 1.0304819345474243 47
1761435922869 1.0318048000335693 48
1761435923425 1.0312778949737549 49
1761435896055 1.0973716974258423 0
