1761436318536 0.4053691327571869 0
1761436319036 0.4165548086166382 1
1761436319521 0.4326621890068054 2
1761436320009 0.4174496531486511 3
1761436320583 0.41700223088264465 4
1761436321060 0.41968679428100586 5
1761436321538 0.41252797842025757 6
1761436322013 0.41029083728790283 7
1761436322485 0.4187919497489929 8
1761436322960 0.4174496531486511 9
1761436323440 0.4008948504924774 10
1761436323917 0.42237135767936707 11
1761436324405 0.39239373803138733 12
1761436324891 0.3874720335006714 13
1761436325373 0.3959731459617615 14
1761436325854 0.4013422727584839 15
1761436326332 0.38255032896995544 16
1761436326810 0.3762863576412201 17
1761436327294 0.39463087916374207 18
1761436327771 0.3874720335006714 19
1761436328246 0.3843400478363037 20
1761436328749 0.3749440610408783 21
1761436329230 0.39239373803138733 22
1761436329708 0.38389262557029724 23
1761436330187 0.37136465311050415 24
1761436330663 0.38255032896995544 25
1761436331147 0.3789709210395813 26
1761436331643 0.3744966387748718 27
1761436332135 0.37002235651016235 28
