1761436318536 1.0987330675125122 0
1761436319036 1.0779422521591187 1
1761436319521 1.0848454236984253 2
1761436320009 1.0876966714859009 3
1761436320583 1.080676555633545 4
1761436321060 1.0861997604370117 5
1761436321538 1.095563292503357 6
1761436322013 1.1020244359970093 7
1761436322485 1.098268985748291 8
1761436322960 1.1037898063659668 9
1761436323440 1.1443935632705688 10
1761436323917 1.1216120719909668 11
1761436324405 1.141955018043518 12
1761436324891 1.1577718257904053 13
1761436325373 1.1486783027648926 14
1761436325854 1.1484172344207764 15
1761436326332 1.1956119537353516 16
1761436326810 1.3131476640701294 17
1761436327294 1.2775050401687622 18
1761436327771 1.197080135345459 19
1761436328246 1.2288461923599243 20
1761436328749 1.249194860458374 21
1761436329230 1.2818022966384888 22
1761436329708 1.286697268486023 23
1761436330187 1.3307653665542603 24
1761436330663 1.454756259918213 25
1761436331147 1.433699607849121 26
1761436331643 1.6128712892532349 27
1761436332135 1.6193885803222656 28
