1761435859956 0.42953020334243774 0
1761435860626 0.4478747248649597 1
1761435861295 0.4760626256465912 2
1761435861942 0.4899328947067261 3
1761435862595 0.4921700358390808 4
1761435863242 0.508277416229248 5
1761435863895 0.5203579664230347 6
1761435864549 0.5270693302154541 7
1761435865204 0.5494407415390015 8
1761435865852 0.5507829785346985 9
1761435866499 0.5682326555252075 10
1761435867143 0.5767337679862976 11
1761435867783 0.5780760645866394 12
1761435868429 0.600447416305542 13
1761435869071 0.6174496412277222 14
1761435869716 0.6232662200927734 15
1761435870358 0.6152125000953674 16
1761435871008 0.6411632895469666 17
1761435871648 0.6577181220054626 18
1761435872288 0.6680089235305786 19
1761435872930 0.6841163039207458 20
1761435873571 0.681431770324707 21
1761435874216 0.6921700239181519 22
1761435874864 0.7154362201690674 23
1761435875506 0.7176733613014221 24
1761435876157 0.7413870096206665 25
1761435876802 0.7436241507530212 26
1761435877446 0.7422818541526794 27
1761435878090 0.7489932775497437 28
1761435878739 0.7516778707504272 29
1761435879391 0.7610738277435303 30
1761435880040 0.7780760526657104 31
1761435880692 0.8013423085212708 32
1761435881339 0.8125279545783997 33
1761435881987 0.808501124382019 34
1761435882637 0.8138702511787415 35
1761435883286 0.817449688911438 36
1761435883930 0.83579421043396 37
1761435884578 0.8375838994979858 38
1761435885225 0.8398210406303406 39
1761435885872 0.8599552512168884 40
1761435886516 0.8434004187583923 41
1761435887159 0.8380312919616699 42
1761435887801 0.8850111961364746 43
1761435888445 0.8604027032852173 44
1761435889091 0.872930645942688 45
1761435889740 0.8854585886001587 46
1761435890388 0.8926174640655518 47
1761435891036 0.8917226195335388 48
1761435891684 0.9127516746520996 49
1761435859956 0.42953020334243774 0
