1761435859956 1.0710526704788208 0
1761435860626 1.0554296970367432 1
1761435861295 1.0397889614105225 2
1761435861942 1.0253077745437622 3
1761435862595 1.013191819190979 4
1761435863242 1.0034667253494263 5
1761435863895 0.9864986538887024 6
1761435864549 0.9762030243873596 7
1761435865204 0.9532535672187805 8
1761435865852 0.9453330636024475 9
1761435866499 0.9174239039421082 10
1761435867143 0.9116936326026917 11
1761435867783 0.8933897614479065 12
1761435868429 0.8750627636909485 13
1761435869071 0.8424555659294128 14
1761435869716 0.8334313631057739 15
1761435870358 0.833851158618927 16
1761435871008 0.7893134951591492 17
1761435871648 0.7613767385482788 18
1761435872288 0.7478114366531372 19
1761435872930 0.7145422697067261 20
1761435873571 0.7333006262779236 21
1761435874216 0.6837856769561768 22
1761435874864 0.6685644388198853 23
1761435875506 0.6382638216018677 24
1761435876157 0.6110267043113708 25
1761435876802 0.6133682727813721 26
1761435877446 0.6084819436073303 27
1761435878090 0.5890377759933472 28
1761435878739 0.5795680284500122 29
1761435879391 0.5596267580986023 30
1761435880040 0.5173919200897217 31
1761435880692 0.4831361174583435 32
1761435881339 0.4517504572868347 33
1761435881987 0.4661210775375366 34
1761435882637 0.46288931369781494 35
1761435883286 0.44123369455337524 36
1761435883930 0.40631261467933655 37
1761435884578 0.3986954987049103 38
1761435885225 0.3957970142364502 39
1761435885872 0.36008164286613464 40
1761435886516 0.4288952946662903 41
1761435887159 0.37912607192993164 42
1761435887801 0.309089720249176 43
1761435888445 0.3573966920375824 44
1761435889091 0.313236266374588 45
1761435889740 0.2922937273979187 46
1761435890388 0.29524290561676025 47
1761435891036 0.2717447280883789 48
1761435891684 0.24347582459449768 49
1761435859956 1.0710526704788208 0
