1761513206676 0.36554810404777527 0
1761513207262 0.36465322971343994 1
1761513207877 0.37807607650756836 2
1761513208466 0.38344520330429077 3
1761513209054 0.3776286244392395 4
1761513209627 0.3883668780326843 5
1761513210198 0.37941834330558777 6
1761513210784 0.3870246112346649 7
1761513211351 0.395525723695755 8
1761513211912 0.39731544256210327 9
1761513212471 0.3986577093601227 10
1761513213031 0.38344520330429077 11
1761513213605 0.3874720335006714 12
1761513214162 0.4035794138908386 13
1761513214719 0.41252797842025757 14
1761513215278 0.41029083728790283 15
1761513215855 0.40313199162483215 16
1761513216417 0.40313199162483215 17
1761513216978 0.4053691327571869 18
1761513217535 0.40581655502319336 19
1761513218094 0.42102909088134766 20
1761513218652 0.4107382595539093 21
1761513219209 0.4147650897502899 22
1761513219822 0.41118568181991577 23
1761513220429 0.41118568181991577 24
1761513221013 0.42102909088134766 25
1761513221582 0.4187919497489929 26
1761513222170 0.4187919497489929 27
1761513222744 0.4093959629535675 28
1761513223315 0.4259507954120636 29
1761513223891 0.4107382595539093 30
1761513224470 0.41700223088264465 31
1761513225051 0.42371365427970886 32
1761513225622 0.4205816686153412 33
1761513226219 0.4165548086166382 34
1761513226794 0.4192393720149994 35
1761513227366 0.42639821767807007 36
1761513227966 0.427293062210083 37
1761513228544 0.4246084988117218 38
1761513229113 0.4232662320137024 39
1761513229725 0.42237135767936707 40
1761513230360 0.4214765131473541 41
1761513231043 0.4290827810764313 42
1761513231651 0.41834452748298645 43
1761513232265 0.4326621890068054 44
1761513232935 0.427293062210083 45
1761513233852 0.4214765131473541 46
1761513234646 0.42684563994407654 47
1761513235342 0.41700223088264465 48
1761513235989 0.4259507954120636 49
1761513236553 0.42416107654571533 50
1761513237110 0.4214765131473541 51
1761513237667 0.4205816686153412 52
1761513238410 0.4304250478744507 53
1761513239371 0.4277404844760895 54
1761513240306 0.4290827810764313 55
1761513241169 0.4304250478744507 56
1761513241736 0.42953020334243774 57
1761513242304 0.4299776256084442 58
1761513242884 0.42953020334243774 59
1761513243446 0.4353467524051666 60
1761513244012 0.427293062210083 61
1761513244713 0.4398210346698761 62
1761513245529 0.4451901614665985 63
1761513246149 0.43892616033554077 64
1761513246711 0.4344519078731537 65
1761513247318 0.4299776256084442 66
1761513247938 0.4277404844760895 67
1761513248556 0.44071587920188904 68
1761513249138 0.4478747248649597 69
1761513249705 0.441610723733902 70
1761513250345 0.4326621890068054 71
1761513250917 0.4317673444747925 72
1761513251502 0.43803131580352783 73
1761513252117 0.4442952871322632 74
1761513252711 0.4429530203342438 75
1761513253304 0.4411633014678955 76
1761513253876 0.4483221471309662 77
1761513254448 0.4536912739276886 78
1761513255050 0.43087247014045715 79
1761513255644 0.44742730259895325 80
1761513256205 0.4438478648662567 81
1761513256763 0.4451901614665985 82
1761513257321 0.4469798803329468 83
1761513257909 0.45190155506134033 84
1761513258535 0.46979865431785583 85
1761513259136 0.45190155506134033 86
1761513259756 0.4595078229904175 87
1761513260423 0.45324385166168213 88
1761513260998 0.4550335705280304 89
1761513261614 0.459060400724411 90
1761513262234 0.47382551431655884 91
1761513262855 0.46398210525512695 92
1761513263546 0.4621923863887787 93
1761513264293 0.4827740490436554 94
1761513265035 0.46532437205314636 95
1761513265758 0.47337806224823 96
1761513266478 0.4675615131855011 97
1761513267059 0.4823266267776489 98
1761513267636 0.4899328947067261 99
1761513206676 0.36554810404777527 0
