1761513206676 1.109106183052063 0
1761513207262 1.0976427793502808 1
1761513207877 1.0948903560638428 2
1761513208466 1.0929077863693237 3
1761513209054 1.0916342735290527 4
1761513209627 1.0912754535675049 5
1761513210198 1.092690348625183 6
1761513210784 1.0882920026779175 7
1761513211351 1.0850725173950195 8
1761513211912 1.0866460800170898 9
1761513212471 1.0843818187713623 10
1761513213031 1.0899964570999146 11
1761513213605 1.0829119682312012 12
1761513214162 1.081192135810852 13
1761513214719 1.0795612335205078 14
1761513215278 1.0810844898223877 15
1761513215855 1.0792752504348755 16
1761513216417 1.0792003870010376 17
1761513216978 1.0799952745437622 18
1761513217535 1.080834984779358 19
1761513218094 1.0769615173339844 20
1761513218652 1.0785850286483765 21
1761513219209 1.0769137144088745 22
1761513219822 1.077947735786438 23
1761513220429 1.0766273736953735 24
1761513221013 1.0763843059539795 25
1761513221582 1.0737963914871216 26
1761513222170 1.0754063129425049 27
1761513222744 1.0783686637878418 28
1761513223315 1.0752922296524048 29
1761513223891 1.075835943222046 30
1761513224470 1.0748474597930908 31
1761513225051 1.073452115058899 32
1761513225622 1.07375168800354 33
1761513226219 1.074220895767212 34
1761513226794 1.0753920078277588 35
1761513227366 1.0714004039764404 36
1761513227966 1.071489691734314 37
1761513228544 1.0719635486602783 38
1761513229113 1.0717480182647705 39
1761513229725 1.071320652961731 40
1761513230360 1.0716460943222046 41
1761513231043 1.0718547105789185 42
1761513231651 1.0713491439819336 43
1761513232265 1.0689647197723389 44
1761513232935 1.0693891048431396 45
1761513233852 1.070899486541748 46
1761513234646 1.069109559059143 47
1761513235342 1.0720523595809937 48
1761513235989 1.0687873363494873 49
1761513236553 1.067956805229187 50
1761513237110 1.0674104690551758 51
1761513237667 1.070726752281189 52
1761513238410 1.06540846824646 53
1761513239371 1.0653327703475952 54
1761513240306 1.0667660236358643 55
1761513241169 1.063783049583435 56
1761513241736 1.0643327236175537 57
1761513242304 1.0626481771469116 58
1761513242884 1.0631674528121948 59
1761513243446 1.0636540651321411 60
1761513244012 1.0600825548171997 61
1761513244713 1.0619664192199707 62
1761513245529 1.0599390268325806 63
1761513246149 1.0577970743179321 64
1761513246711 1.055814504623413 65
1761513247318 1.05833899974823 66
1761513247938 1.0547575950622559 67
1761513248556 1.0532389879226685 68
1761513249138 1.0522770881652832 69
1761513249705 1.052237868309021 70
1761513250345 1.0568722486495972 71
1761513250917 1.0521196126937866 72
1761513251502 1.0484001636505127 73
1761513252117 1.0511622428894043 74
1761513252711 1.048021912574768 75
1761513253304 1.0467195510864258 76
1761513253876 1.043274998664856 77
1761513254448 1.0457757711410522 78
1761513255050 1.0491827726364136 79
1761513255644 1.0419772863388062 80
1761513256205 1.0409623384475708 81
1761513256763 1.0376043319702148 82
1761513257321 1.0388636589050293 83
1761513257909 1.0364606380462646 84
1761513258535 1.0356171131134033 85
1761513259136 1.0323481559753418 86
1761513259756 1.0336238145828247 87
1761513260423 1.030556082725525 88
1761513260998 1.029396414756775 89
1761513261614 1.0323892831802368 90
1761513262234 1.0274006128311157 91
1761513262855 1.0260522365570068 92
1761513263546 1.0287196636199951 93
1761513264293 1.023270845413208 94
1761513265035 1.0235289335250854 95
1761513265758 1.0194872617721558 96
1761513266478 1.0162041187286377 97
1761513267059 1.0174696445465088 98
1761513267636 1.014660358428955 99
1761513206676 1.109106183052063 0
