1761437071008 0.43624159693717957 0
1761437071565 0.4657718241214752 1
1761437072102 0.4684563875198364 2
1761437072643 0.4702460765838623 3
1761437073186 0.46800893545150757 4
1761437073723 0.47785234451293945 5
1761437074273 0.49038031697273254 6
1761437074809 0.48366889357566833 7
1761437075339 0.49038031697273254 8
1761437075869 0.49574944376945496 9
1761437076417 0.4899328947067261 10
1761437076955 0.4868009090423584 11
1761437077493 0.4993288516998291 12
1761437078032 0.4975391626358032 13
1761437078563 0.49574944376945496 14
1761437079113 0.5020134449005127 15
1761437079648 0.5078299641609192 16
1761437080190 0.5270693302154541 17
1761437080743 0.5302013158798218 18
1761437081287 0.5257270932197571 19
1761437081834 0.5324384570121765 20
1761437082372 0.527516782283783 21
1761437082912 0.52662193775177 22
1761437083448 0.5382550358772278 23
1761437083989 0.5507829785346985 24
1761437084535 0.5673378109931946 25
1761437085069 0.5574944019317627 26
1761437085608 0.5525727272033691 27
1761437086148 0.5655481219291687 28
1761437086686 0.562416136264801 29
1761437087218 0.5700223445892334 30
1761437087753 0.5928411483764648 31
1761437088288 0.5816555023193359 32
1761437088829 0.5959731340408325 33
1761437089362 0.5937359929084778 34
1761437089900 0.6000000238418579 35
1761437090437 0.6022371649742126 36
1761437090973 0.6008948683738708 37
1761437091511 0.6205816268920898 38
1761437092056 0.6196867823600769 39
1761437092592 0.6196867823600769 40
1761437093140 0.6263982057571411 41
1761437093682 0.6286353468894958 42
1761437094212 0.6380313038825989 43
1761437094741 0.6434004306793213 44
1761437095280 0.6420581936836243 45
1761437095813 0.6487695574760437 46
1761437096351 0.6554809808731079 47
1761437096892 0.6474273204803467 48
1761437097434 0.6711409687995911 49
1761437071008 0.43624159693717957 0
