1761437071008 1.074728012084961 0
1761437071565 1.0514068603515625 1
1761437072102 1.0412100553512573 2
1761437072643 1.0420911312103271 3
1761437073186 1.0302573442459106 4
1761437073723 1.0312381982803345 5
1761437074273 1.030882477760315 6
1761437074809 1.0249552726745605 7
1761437075339 1.0218652486801147 8
1761437075869 1.0195865631103516 9
1761437076417 1.0210485458374023 10
1761437076955 1.0124084949493408 11
1761437077493 1.00387442111969 12
1761437078032 1.0032463073730469 13
1761437078563 0.997758150100708 14
1761437079113 0.9975281357765198 15
1761437079648 0.9930403232574463 16
1761437080190 0.9822129011154175 17
1761437080743 0.984035849571228 18
1761437081287 0.9788680076599121 19
1761437081834 0.974421501159668 20
1761437082372 0.9630202651023865 21
1761437082912 0.9644243121147156 22
1761437083448 0.9548084139823914 23
1761437083989 0.9497949481010437 24
1761437084535 0.9398166537284851 25
1761437085069 0.9409607648849487 26
1761437085608 0.9379115104675293 27
1761437086148 0.9255214929580688 28
1761437086686 0.9194893836975098 29
1761437087218 0.9152849912643433 30
1761437087753 0.9043073654174805 31
1761437088288 0.900109589099884 32
1761437088829 0.8918724060058594 33
1761437089362 0.8839139938354492 34
1761437089900 0.8790769577026367 35
1761437090437 0.8670168519020081 36
1761437090973 0.8646121621131897 37
1761437091511 0.8515775799751282 38
1761437092056 0.8424657583236694 39
1761437092592 0.8376519680023193 40
1761437093140 0.8287410140037537 41
1761437093682 0.8212893605232239 42
1761437094212 0.812084972858429 43
1761437094741 0.8018597364425659 44
1761437095280 0.7994998693466187 45
1761437095813 0.789833664894104 46
1761437096351 0.7832136750221252 47
1761437096892 0.773799479007721 48
1761437097434 0.7631511688232422 49
1761437071008 1.074728012084961 0
