1761435768665 0.42684563994407654 0
1761435769209 0.45413869619369507 1
1761435769736 0.45190155506134033 2
1761435770262 0.46263980865478516 3
1761435770793 0.4451901614665985 4
1761435771316 0.4510067105293274 5
1761435771840 0.4429530203342438 6
1761435772368 0.42818790674209595 7
1761435772892 0.4214765131473541 8
1761435773418 0.41163310408592224 9
1761435773943 0.4232662320137024 10
1761435774470 0.4277404844760895 11
1761435774994 0.39776286482810974 12
1761435775521 0.3986577093601227 13
1761435776050 0.4147650897502899 14
1761435776577 0.3856823146343231 15
1761435777099 0.38344520330429077 16
1761435777624 0.3704698085784912 17
1761435778152 0.36868008971214294 18
1761435778675 0.37673377990722656 19
1761435779201 0.363758385181427 20
1761435779730 0.3458612859249115 21
1761435780253 0.37404921650886536 22
1761435780779 0.36286354064941406 23
1761435781304 0.3552572727203369 24
1761435781829 0.3530201315879822 25
1761435782351 0.35480985045433044 26
1761435782876 0.3467561602592468 27
1761435783393 0.36733779311180115 28
1761435783911 0.3722594976425171 29
1761435784432 0.3552572727203369 30
1761435784954 0.34899330139160156 31
1761435785468 0.35346755385398865 32
1761435785992 0.3579418361186981 33
1761435786510 0.3565995395183563 34
1761435787030 0.35883668065071106 35
1761435787547 0.36599552631378174 36
1761435788072 0.354362428188324 37
1761435788591 0.3539149761199951 38
1761435789117 0.3391498923301697 39
1761435789641 0.35615211725234985 40
1761435790163 0.3512304127216339 41
1761435790695 0.34809842705726624 42
1761435791215 0.3776286244392395 43
1761435791741 0.34362417459487915 44
1761435792262 0.3606263995170593 45
1761435792784 0.3557046949863434 46
1761435793312 0.34944072365760803 47
1761435793833 0.35615211725234985 48
1761435794358 0.35346755385398865 49
1761435768665 0.42684563994407654 0
