1761435768665 1.0735784769058228 0
1761435769209 1.057603120803833 1
1761435769736 1.0585604906082153 2
1761435770262 1.061806082725525 3
1761435770793 1.0687096118927002 4
1761435771316 1.0708118677139282 5
1761435771840 1.0927807092666626 6
1761435772368 1.1097182035446167 7
1761435772892 1.1349613666534424 8
1761435773418 1.1413663625717163 9
1761435773943 1.1664259433746338 10
1761435774470 1.1923892498016357 11
1761435774994 1.2916215658187866 12
1761435775521 1.3305414915084839 13
1761435776050 1.4147965908050537 14
1761435776577 1.577444076538086 15
1761435777099 1.4941314458847046 16
1761435777624 2.0118279457092285 17
1761435778152 2.147709846496582 18
1761435778675 2.073654890060425 19
1761435779201 3.848191976547241 20
1761435779730 8.450307846069336 21
1761435780253 7.712375164031982 22
1761435780779 5.843944549560547 23
1761435781304 6.386257171630859 24
1761435781829 7.147243022918701 25
1761435782351 8.312994003295898 26
1761435782876 8.54641056060791 27
1761435783393 9.730971336364746 28
1761435783911 14.798236846923828 29
1761435784432 10.58823013305664 30
1761435784954 9.253584861755371 31
1761435785468 14.108924865722656 32
1761435785992 17.391387939453125 33
1761435786510 25.49864959716797 34
1761435787030 11.998336791992188 35
1761435787547 21.066591262817383 36
1761435788072 20.880348205566406 37
1761435788591 23.477785110473633 38
1761435789117 40.51610565185547 39
1761435789641 28.94959259033203 40
1761435790163 30.53107452392578 41
1761435790695 26.854957580566406 42
1761435791215 31.091503143310547 43
1761435791741 23.5126895904541 44
1761435792262 22.424678802490234 45
1761435792784 28.60899543762207 46
1761435793312 36.77251434326172 47
1761435793833 29.74086570739746 48
1761435794358 34.083736419677734 49
1761435768665 1.0735784769058228 0
