1761511141416 0.41431766748428345 0
1761511142115 0.4214765131473541 1
1761511142780 0.43355703353881836 2
1761511143462 0.4523490071296692 3
1761511144129 0.4648769497871399 4
1761511144802 0.48366889357566833 5
1761511145470 0.4841163456439972 6
1761511146149 0.5140939354896545 7
1761511146797 0.5297539234161377 8
1761511147457 0.544966459274292 9
1761511148104 0.5570470094680786 10
1761511148751 0.5803132057189941 11
1761511149397 0.5964205861091614 12
1761511150052 0.6192393898963928 13
1761511150724 0.6371364593505859 14
1761511151371 0.6519015431404114 15
1761511152060 0.6702460646629333 16
1761511152708 0.6845637559890747 17
1761511153351 0.7114093899726868 18
1761511153999 0.7212527990341187 19
1761511154663 0.7328858971595764 20
1761511155352 0.7400447130203247 21
1761511156017 0.7601789832115173 22
1761511156714 0.7789708971977234 23
1761511157354 0.7879194617271423 24
1761511157996 0.8089485168457031 25
1761511158636 0.8228188157081604 26
1761511159280 0.8290827870368958 27
1761511159927 0.8223713636398315 28
1761511160573 0.8447427153587341 29
1761511161218 0.8586129546165466 30
1761511161867 0.8671140670776367 31
1761511162513 0.8662192225456238 32
1761511163158 0.8859060406684875 33
1761511163801 0.8885905742645264 34
1761511164450 0.8975391387939453 35
1761511165102 0.8908277153968811 36
1761511165745 0.8863534927368164 37
1761511166389 0.9055928587913513 38
1761511167034 0.9172259569168091 39
1761511167673 0.9131991267204285 40
1761511168321 0.9221476316452026 41
1761511168965 0.9337807893753052 42
1761511169609 0.9221476316452026 43
1761511170258 0.9391499161720276 44
1761511170902 0.9378076195716858 45
1761511171546 0.9404921531677246 46
1761511172194 0.9342281818389893 47
1761511172836 0.9480984210968018 48
1761511173479 0.9427292943000793 49
1761511174120 0.9485458731651306 50
1761511174764 0.9498881697654724 51
1761511175408 0.9530201554298401 52
1761511176052 0.9512304067611694 53
1761511176695 0.9279642105102539 54
1761511177336 0.94451904296875 55
1761511177975 0.9521252512931824 56
1761511178614 0.9525727033615112 57
1761511179253 0.9624161124229431 58
1761511179918 0.9651006460189819 59
1761511180562 0.9709172248840332 60
1761511181211 0.9753915071487427 61
1761511181856 0.9713646769523621 62
1761511182515 0.972259521484375 63
1761511183193 0.9561521410942078 64
1761511183844 0.9342281818389893 65
1761511184507 0.9597315192222595 66
1761511185189 0.9664429426193237 67
1761511185851 0.9744966626167297 68
1761511186518 0.9749440550804138 69
1761511187186 0.9744966626167297 70
1761511187837 0.9753915071487427 71
1761511188483 0.9794183373451233 72
1761511189131 0.9821029305458069 73
1761511189779 0.9865771532058716 74
1761511190425 0.9812080264091492 75
1761511191064 0.9655480980873108 76
1761511191708 0.9557046890258789 77
1761511192350 0.9700223803520203 78
1761511193043 0.9664429426193237 79
1761511193710 0.9530201554298401 80
1761511194364 0.9659955501556396 81
1761511195022 0.9883669018745422 82
1761511195680 0.9843400716781616 83
1761511196324 0.9812080264091492 84
1761511196966 0.9753915071487427 85
1761511197606 0.9659955501556396 86
1761511198250 0.9744966626167297 87
1761511198892 0.9803131818771362 88
1761511199537 0.981655478477478 89
1761511200184 0.9856823086738586 90
1761511200827 0.9847874641418457 91
1761511201479 0.9807606339454651 92
1761511202128 0.9610738158226013 93
1761511202782 0.9400447607040405 94
1761511203431 0.9695749282836914 95
1761511204092 0.9888142943382263 96
1761511204734 0.990604043006897 97
1761511205383 0.9838926196098328 98
1761511206030 0.9794183373451233 99
1761511141416 0.41431766748428345 0
