1761511141416 1.0846823453903198 0
1761511142115 1.0743271112442017 1
1761511142780 1.0633291006088257 2
1761511143462 1.0539445877075195 3
1761511144129 1.0382291078567505 4
1761511144802 1.0237809419631958 5
1761511145470 1.010542631149292 6
1761511146149 0.9893926382064819 7
1761511146797 0.9602726101875305 8
1761511147457 0.93888258934021 9
1761511148104 0.9115304350852966 10
1761511148751 0.8731181025505066 11
1761511149397 0.8464691638946533 12
1761511150052 0.8175387382507324 13
1761511150724 0.813876211643219 14
1761511151371 0.7654939889907837 15
1761511152060 0.736223042011261 16
1761511152708 0.7079675197601318 17
1761511153351 0.6654831767082214 18
1761511153999 0.6454982161521912 19
1761511154663 0.6064808964729309 20
1761511155352 0.5955104231834412 21
1761511156017 0.5594826936721802 22
1761511156714 0.5177112221717834 23
1761511157354 0.5165017247200012 24
1761511157996 0.4764476418495178 25
1761511158636 0.4574780762195587 26
1761511159280 0.42235514521598816 27
1761511159927 0.4238511323928833 28
1761511160573 0.39121606945991516 29
1761511161218 0.3728065490722656 30
1761511161867 0.33761662244796753 31
1761511162513 0.3333872854709625 32
1761511163158 0.295074999332428 33
1761511163801 0.2977297902107239 34
1761511164450 0.2697722315788269 35
1761511165102 0.27071553468704224 36
1761511165745 0.295637309551239 37
1761511166389 0.256680965423584 38
1761511167034 0.21678434312343597 39
1761511167673 0.2346578985452652 40
1761511168321 0.20375396311283112 41
1761511168965 0.18322516977787018 42
1761511169609 0.20514589548110962 43
1761511170258 0.17058196663856506 44
1761511170902 0.181067556142807 45
1761511171546 0.1765507012605667 46
1761511172194 0.1883881688117981 47
1761511172836 0.14529788494110107 48
1761511173479 0.16122004389762878 49
1761511174120 0.1508791148662567 50
1761511174764 0.1466444581747055 51
1761511175408 0.12325374037027359 52
1761511176052 0.14794915914535522 53
1761511176695 0.23209255933761597 54
1761511177336 0.1639513522386551 55
1761511177975 0.1348363310098648 56
1761511178614 0.1390257328748703 57
1761511179253 0.09786878526210785 58
1761511179918 0.10349249094724655 59
1761511180562 0.09284839779138565 60
1761511181211 0.09807978570461273 61
1761511181856 0.08243471384048462 62
1761511182515 0.0887925773859024 63
1761511183193 0.11683066934347153 64
1761511183844 0.1842813640832901 65
1761511184507 0.1282012015581131 66
1761511185189 0.09188231080770493 67
1761511185851 0.07699782401323318 68
1761511186518 0.06983311474323273 69
1761511187186 0.10600445419549942 70
1761511187837 0.08541712909936905 71
1761511188483 0.06367255747318268 72
1761511189131 0.05578482896089554 73
1761511189779 0.04275086149573326 74
1761511190425 0.06209849938750267 75
1761511191064 0.12239041179418564 76
1761511191708 0.12921150028705597 77
1761511192350 0.09049458056688309 78
1761511193043 0.10630061477422714 79
1761511193710 0.15104977786540985 80
1761511194364 0.102503202855587 81
1761511195022 0.045269615948200226 82
1761511195680 0.048182256519794464 83
1761511196324 0.055662598460912704 84
1761511196966 0.07039076834917068 85
1761511197606 0.13317258656024933 86
1761511198250 0.07755868881940842 87
1761511198892 0.0661778673529625 88
1761511199537 0.058089904487133026 89
1761511200184 0.04831530153751373 90
1761511200827 0.0494515597820282 91
1761511201479 0.06472170352935791 92
1761511202128 0.15520012378692627 93
1761511202782 0.1916397660970688 94
1761511203431 0.09106726944446564 95
1761511204092 0.04590963199734688 96
1761511204734 0.030596360564231873 97
1761511205383 0.04773196950554848 98
1761511206030 0.055487412959337234 99
1761511141416 1.0846823453903198 0
