1761439979048 0.3766816258430481 0
1761439979593 0.3986546993255615 1
1761439980140 0.44170403480529785 2
1761439980691 0.5076233148574829 3
1761439981241 0.5775784850120544 4
1761439981791 0.6973094344139099 5
1761439982370 0.7937219738960266 6
1761439983044 0.860538125038147 7
1761439983603 0.865919291973114 8
1761439984157 0.8798206448554993 9
1761439984739 0.9107623100280762 10
1761439985281 0.902242124080658 11
1761439985834 0.8780269026756287 12
1761439986375 0.8995515704154968 13
1761439986922 0.9004484415054321 14
1761439987517 0.9219731092453003 15
1761439988083 0.9183856248855591 16
1761439988660 0.9224215149879456 17
1761439989216 0.9255605340003967 18
1761439989745 0.8744394779205322 19
1761439990285 0.8816143274307251 20
1761439990822 0.8977578282356262 21
1761439991348 0.9031389951705933 22
1761439991891 0.8542600870132446 23
1761439992433 0.9004484415054321 24
1761439992959 0.9098654985427856 25
1761439993494 0.8820627927780151 26
1761439994053 0.8690583109855652 27
1761439994637 0.8457399010658264 28
1761439995180 0.8040359020233154 29
1761439995730 0.8663676977157593 30
1761439996264 0.8726457357406616 31
1761439996831 0.870851993560791 32
1761439997368 0.8260089755058289 33
1761439997888 0.8753363490104675 34
1761439998416 0.8067264556884766 35
1761439998939 0.8681614398956299 36
1761439999464 0.7748879194259644 37
1761439999985 0.7977578639984131 38
1761440000509 0.8170403838157654 39
1761440001040 0.8295964002609253 40
1761440001568 0.8426008820533752 41
1761440002090 0.810762345790863 42
1761440002614 0.7556053996086121 43
1761440003136 0.7955157160758972 44
1761440003664 0.7892376780509949 45
1761440004192 0.7623318433761597 46
1761440004716 0.8008968830108643 47
1761440005237 0.847085177898407 48
1761440005760 0.7955157160758972 49
1761439979048 0.3766816258430481 0
