1761439979048 1.1022491455078125 0
1761439979593 1.0788553953170776 1
1761439980140 1.0405051708221436 2
1761439980691 1.0000228881835938 3
1761439981241 0.8915078639984131 4
1761439981791 0.7308391332626343 5
1761439982370 0.5651438236236572 6
1761439983044 0.42550742626190186 7
1761439983603 0.36332523822784424 8
1761439984157 0.31522244215011597 9
1761439984739 0.24807775020599365 10
1761439985281 0.2480466216802597 11
1761439985834 0.2871890664100647 12
1761439986375 0.2298286408185959 13
1761439986922 0.24172067642211914 14
1761439987517 0.1832159161567688 15
1761439988083 0.19601044058799744 16
1761439988660 0.19565680623054504 17
1761439989216 0.17185261845588684 18
1761439989745 0.37263137102127075 19
1761439990285 0.3311983048915863 20
1761439990822 0.26153743267059326 21
1761439991348 0.2584061920642853 22
1761439991891 0.4758065342903137 23
1761439992433 0.284185528755188 24
1761439992959 0.24338605999946594 25
1761439993494 0.40743473172187805 26
1761439994053 0.532428503036499 27
1761439994637 0.7187494039535522 28
1761439995180 1.164129614830017 29
1761439995730 0.7008314728736877 30
1761439996264 0.5353865623474121 31
1761439996831 0.8706298470497131 32
1761439997368 1.1936275959014893 33
1761439997888 0.6466235518455505 34
1761439998416 1.370091438293457 35
1761439998939 0.6091991662979126 36
1761439999464 2.4570932388305664 37
1761439999985 2.2718236446380615 38
1761440000509 1.6444265842437744 39
1761440001040 1.5215469598770142 40
1761440001568 1.2552473545074463 41
1761440002090 2.020761728286743 42
1761440002614 3.584017038345337 43
1761440003136 2.5970680713653564 44
1761440003664 2.80875301361084 45
1761440004192 3.30252742767334 46
1761440004716 2.594632387161255 47
1761440005237 1.4074137210845947 48
1761440005760 3.1405904293060303 49
1761439979048 1.1022491455078125 0
