1761380907537 0.3789709210395813 0
1761380908472 0.3816554844379425 1
1761380909374 0.3874720335006714 2
1761380910251 0.4053691327571869 3
1761380911277 0.40850111842155457 4
1761380912202 0.40447425842285156 5
1761380913125 0.4205816686153412 6
1761380914026 0.42550334334373474 7
1761380914953 0.4304250478744507 8
1761380915832 0.4366890490055084 9
1761380916711 0.44474273920059204 10
1761380917581 0.4492169916629791 11
1761380918463 0.45145413279533386 12
1761380919381 0.4357941746711731 13
1761380920270 0.4451901614665985 14
1761380921298 0.4340044856071472 15
1761380922212 0.4384787380695343 16
1761380923109 0.45727068185806274 17
1761380924004 0.42953020334243774 18
1761380924910 0.44026845693588257 19
1761380925921 0.44474273920059204 20
1761380926874 0.45324385166168213 21
1761380927770 0.4595078229904175 22
1761380928692 0.4411633014678955 23
1761380929639 0.4617449641227722 24
1761380930532 0.4492169916629791 25
1761380931470 0.45190155506134033 26
1761380932398 0.45816555619239807 27
1761380933349 0.4715883731842041 28
1761380934267 0.4465324282646179 29
1761380935152 0.4568232595920563 30
1761380936046 0.4621923863887787 31
1761380937002 0.4635346829891205 32
1761380937906 0.46666666865348816 33
1761380938877 0.46129754185676575 34
1761380939887 0.46935123205184937 35
1761380940870 0.4760626256465912 36
1761380941850 0.4675615131855011 37
1761380942829 0.4814317524433136 38
1761380943790 0.47785234451293945 39
1761380944685 0.4760626256465912 40
1761380945595 0.46800893545150757 41
1761380946553 0.48635345697402954 42
1761380947439 0.4702460765838623 43
1761380948402 0.4885905981063843 44
1761380949375 0.4841163456439972 45
1761380950340 0.4787471890449524 46
1761380951318 0.48769575357437134 47
1761380952266 0.4782997667789459 48
1761380953163 0.4921700358390808 49
1761380907537 0.3789709210395813 0
