1761380907537 1.3485841751098633 0
1761380908472 1.158969521522522 1
1761380909374 1.1252645254135132 2
1761380910251 1.1103817224502563 3
1761380911277 1.084511160850525 4
1761380912202 1.0852140188217163 5
1761380913125 1.0804730653762817 6
1761380914026 1.068601131439209 7
1761380914953 1.0674569606781006 8
1761380915832 1.0632686614990234 9
1761380916711 1.0658355951309204 10
1761380917581 1.0628662109375 11
1761380918463 1.054373860359192 12
1761380919381 1.0604130029678345 13
1761380920270 1.054484486579895 14
1761380921298 1.059278964996338 15
1761380922212 1.0526726245880127 16
1761380923109 1.0472352504730225 17
1761380924004 1.0523573160171509 18
1761380924910 1.0499999523162842 19
1761380925921 1.0494056940078735 20
1761380926874 1.0503795146942139 21
1761380927770 1.0445888042449951 22
1761380928692 1.0496050119400024 23
1761380929639 1.0442190170288086 24
1761380930532 1.0471439361572266 25
1761380931470 1.0364646911621094 26
1761380932398 1.0387494564056396 27
1761380933349 1.0387182235717773 28
1761380934267 1.0420323610305786 29
1761380935152 1.0365869998931885 30
1761380936046 1.034548044204712 31
1761380937002 1.0401228666305542 32
1761380937906 1.0353784561157227 33
1761380938877 1.0315040349960327 34
1761380939887 1.0345144271850586 35
1761380940870 1.0243440866470337 36
1761380941850 1.0431418418884277 37
1761380942829 1.0284712314605713 38
1761380943790 1.0282254219055176 39
1761380944685 1.0172640085220337 40
1761380945595 1.029245376586914 41
1761380946553 1.0274254083633423 42
1761380947439 1.0234050750732422 43
1761380948402 1.0199494361877441 44
1761380949375 1.0186216831207275 45
1761380950340 1.0182485580444336 46
1761380951318 1.0208252668380737 47
1761380952266 1.0101711750030518 48
1761380953163 1.0128265619277954 49
1761380907537 1.3485841751098633 0
