1761435172060 0.4093959629535675 0
1761435172810 0.4425055980682373 1
1761435173485 0.45279642939567566 2
1761435174133 0.46129754185676575 3
1761435174792 0.46800893545150757 4
1761435175447 0.47785234451293945 5
1761435176104 0.47382551431655884 6
1761435176758 0.477404922246933 7
1761435177439 0.4742729365825653 8
1761435178102 0.4966442883014679 9
1761435178751 0.4953020215034485 10
1761435179397 0.5038031339645386 11
1761435180051 0.5140939354896545 12
1761435180740 0.5136465430259705 13
1761435181453 0.5167785286903381 14
1761435182105 0.49574944376945496 15
1761435182753 0.5230425000190735 16
1761435183399 0.527516782283783 17
1761435184047 0.5436241626739502 18
1761435184699 0.5436241626739502 19
1761435185346 0.5382550358772278 20
1761435185994 0.5387024879455566 21
1761435186640 0.5601789951324463 22
1761435187285 0.5686801075935364 23
1761435187926 0.5606263875961304 24
1761435188605 0.58210289478302 25
1761435189263 0.5834451913833618 26
1761435189916 0.5825503468513489 27
1761435190598 0.5883668661117554 28
1761435191291 0.591498851776123 29
1761435192053 0.6040268540382385 30
1761435192722 0.6152125000953674 31
1761435193389 0.6067113876342773 32
1761435194058 0.6295301914215088 33
1761435194721 0.6402684450149536 34
1761435195380 0.6420581936836243 35
1761435196053 0.6474273204803467 36
1761435196712 0.6581655740737915 37
1761435197418 0.6532438397407532 38
1761435198208 0.6577181220054626 39
1761435198872 0.6680089235305786 40
1761435199491 0.6796420812606812 41
1761435200113 0.6778523325920105 42
1761435200716 0.6774049401283264 43
1761435201312 0.6970916986465454 44
1761435201953 0.7158836722373962 45
1761435202617 0.7158836722373962 46
1761435203272 0.7302013635635376 47
1761435203927 0.7230424880981445 48
1761435204580 0.7351230382919312 49
1761435172060 0.4093959629535675 0
