1761435172060 1.0718233585357666 0
1761435172810 1.0499991178512573 1
1761435173485 1.047910451889038 2
1761435174133 1.041194200515747 3
1761435174792 1.0289465188980103 4
1761435175447 1.0270544290542603 5
1761435176104 1.0164897441864014 6
1761435176758 1.0157510042190552 7
1761435177439 1.0172427892684937 8
1761435178102 1.0008548498153687 9
1761435178751 1.0029078722000122 10
1761435179397 0.9933158755302429 11
1761435180051 0.9884882569313049 12
1761435180740 0.987046480178833 13
1761435181453 0.9759876132011414 14
1761435182105 0.9929852485656738 15
1761435182753 0.9765817523002625 16
1761435183399 0.9654066562652588 17
1761435184047 0.9566977620124817 18
1761435184699 0.9497336745262146 19
1761435185346 0.9524739384651184 20
1761435185994 0.9489409923553467 21
1761435186640 0.9433621168136597 22
1761435187285 0.9220894575119019 23
1761435187926 0.91880202293396 24
1761435188605 0.9024952054023743 25
1761435189263 0.8986603617668152 26
1761435189916 0.894609808921814 27
1761435190598 0.8901405334472656 28
1761435191291 0.8793941140174866 29
1761435192053 0.8661011457443237 30
1761435192722 0.8549229502677917 31
1761435193389 0.8468092679977417 32
1761435194058 0.8217064738273621 33
1761435194721 0.8172219395637512 34
1761435195380 0.8106653690338135 35
1761435196053 0.7901892066001892 36
1761435196712 0.7750309705734253 37
1761435197418 0.7664900422096252 38
1761435198208 0.7634286880493164 39
1761435198872 0.7334093451499939 40
1761435199491 0.7288708090782166 41
1761435200113 0.7190761566162109 42
1761435200716 0.7441545724868774 43
1761435201312 0.6991514563560486 44
1761435201953 0.6678045988082886 45
1761435202617 0.6658937931060791 46
1761435203272 0.6426345705986023 47
1761435203927 0.6335061192512512 48
1761435204580 0.6142525672912598 49
1761435172060 1.0718233585357666 0
