1761436433034 0.4523490071296692 0
1761436433592 0.45861297845840454 1
1761436434158 0.4715883731842041 2
1761436434739 0.47337806224823 3
1761436435282 0.47516778111457825 4
1761436435823 0.47114095091819763 5
1761436436363 0.4827740490436554 6
1761436436896 0.48366889357566833 7
1761436437428 0.47114095091819763 8
1761436437960 0.4814317524433136 9
1761436438497 0.490827739238739 10
1761436439033 0.49709171056747437 11
1761436439589 0.4966442883014679 12
1761436440122 0.5087248086929321 13
1761436440660 0.5015659928321838 14
1761436441199 0.5199105143547058 15
1761436441731 0.5181208252906799 16
1761436442266 0.5221476554870605 17
1761436442822 0.5351230502128601 18
1761436443373 0.5324384570121765 19
1761436443907 0.5284116268157959 20
1761436444443 0.5395973324775696 21
1761436444969 0.5333333611488342 22
1761436445503 0.5601789951324463 23
1761436446039 0.563310980796814 24
1761436446570 0.5606263875961304 25
1761436447103 0.5713646411895752 26
1761436447636 0.572706937789917 27
1761436448176 0.5803132057189941 28
1761436448713 0.5888143181800842 29
1761436449250 0.5816555023193359 30
1761436449783 0.591051459312439 31
1761436450317 0.5991051197052002 32
1761436450854 0.5919463038444519 33
1761436451387 0.6022371649742126 34
1761436451924 0.6049216985702515 35
1761436452459 0.6044742465019226 36
1761436453002 0.6170022487640381 37
1761436453537 0.6277405023574829 38
1761436454071 0.6138702630996704 39
1761436454615 0.6232662200927734 40
1761436455152 0.6326621770858765 41
1761436455693 0.6259507536888123 42
1761436456231 0.6402684450149536 43
1761436456766 0.6496644020080566 44
1761436457300 0.6519015431404114 45
1761436457879 0.6621924042701721 46
1761436458413 0.6635347008705139 47
1761436458944 0.6496644020080566 48
1761436459479 0.6657717823982239 49
1761436433034 0.4523490071296692 0
