1761436433034 1.0701088905334473 0
1761436433592 1.0493894815444946 1
1761436434158 1.0415607690811157 2
1761436434739 1.0346752405166626 3
1761436435282 1.034240484237671 4
1761436435823 1.0334476232528687 5
1761436436363 1.024242639541626 6
1761436436896 1.0163699388504028 7
1761436437428 1.0275371074676514 8
1761436437960 1.0176867246627808 9
1761436438497 1.0120304822921753 10
1761436439033 1.0048729181289673 11
1761436439589 1.0058513879776 12
1761436440122 0.9957252740859985 13
1761436440660 0.9954526424407959 14
1761436441199 0.9857274293899536 15
1761436441731 0.9837254881858826 16
1761436442266 0.978073000907898 17
1761436442822 0.968437135219574 18
1761436443373 0.968215823173523 19
1761436443907 0.965949535369873 20
1761436444443 0.955894410610199 21
1761436444969 0.9522575736045837 22
1761436445503 0.9428890943527222 23
1761436446039 0.9381949305534363 24
1761436446570 0.9293984770774841 25
1761436447103 0.9292194247245789 26
1761436447636 0.9184656739234924 27
1761436448176 0.9109194874763489 28
1761436448713 0.9054262042045593 29
1761436449250 0.9044769406318665 30
1761436449783 0.8963103890419006 31
1761436450317 0.883414089679718 32
1761436450854 0.88149094581604 33
1761436451387 0.8717364072799683 34
1761436451924 0.8681547045707703 35
1761436452459 0.8616060018539429 36
1761436453002 0.8515917062759399 37
1761436453537 0.8458566665649414 38
1761436454071 0.8442042469978333 39
1761436454615 0.8320269584655762 40
1761436455152 0.8247034549713135 41
1761436455693 0.8190100193023682 42
1761436456231 0.8146092891693115 43
1761436456766 0.802665114402771 44
1761436457300 0.7972217798233032 45
1761436457879 0.7891956567764282 46
1761436458413 0.7809478044509888 47
1761436458944 0.7831375002861023 48
1761436459479 0.7696704268455505 49
1761436433034 1.0701088905334473 0
