1761440112796 0.340807169675827 0
1761440113558 0.33856502175331116 1
1761440114204 0.34618833661079407 2
1761440114806 0.340807169675827 3
1761440115400 0.34170404076576233 4
1761440116021 0.34708520770072937 5
1761440116679 0.340807169675827 6
1761440117268 0.35201793909072876 7
1761440117896 0.34170404076576233 8
1761440118607 0.34260088205337524 9
1761440119213 0.3363228738307953 10
1761440119809 0.34932735562324524 11
1761440120376 0.3699551522731781 12
1761440120982 0.3573991060256958 13
1761440121553 0.36188340187072754 14
1761440122118 0.37533631920814514 15
1761440122678 0.3793722093105316 16
1761440123241 0.3699551522731781 17
1761440123801 0.3852017819881439 18
1761440124359 0.3766816258430481 19
1761440124916 0.3928251266479492 20
1761440125477 0.37802690267562866 21
1761440126036 0.37219730019569397 22
1761440126599 0.39147982001304626 23
1761440127157 0.3834080696105957 24
1761440127709 0.3717488646507263 25
1761440128271 0.3932735323905945 26
1761440128827 0.38026905059814453 27
1761440129382 0.3784753382205963 28
1761440129941 0.38878923654556274 29
1761440130500 0.3852017819881439 30
1761440131058 0.39147982001304626 31
1761440131622 0.3816143572330475 32
1761440132185 0.38789236545562744 33
1761440132750 0.3793722093105316 34
1761440133306 0.39461883902549744 35
1761440133874 0.38475337624549866 36
1761440134445 0.40313902497291565 37
1761440135006 0.3874439597129822 38
1761440135566 0.4044843018054962 39
1761440136127 0.3991031348705292 40
1761440136695 0.3941704034805298 41
1761440137257 0.41076233983039856 42
1761440137814 0.3986546993255615 43
1761440138375 0.40896859765052795 44
1761440138938 0.4085201919078827 45
1761440139505 0.4044843018054962 46
1761440140068 0.40224215388298035 47
1761440140630 0.40224215388298035 48
1761440141194 0.40896859765052795 49
1761440112796 0.340807169675827 0
