1761440112796 1.1155955791473389 0
1761440113558 1.109883427619934 1
1761440114204 1.103895664215088 2
1761440114806 1.1033843755722046 3
1761440115400 1.098923921585083 4
1761440116021 1.1011875867843628 5
1761440116679 1.0990880727767944 6
1761440117268 1.1003857851028442 7
1761440117896 1.0997461080551147 8
1761440118607 1.1020413637161255 9
1761440119213 1.1027462482452393 10
1761440119809 1.0983511209487915 11
1761440120376 1.094208002090454 12
1761440120982 1.0980302095413208 13
1761440121553 1.0968987941741943 14
1761440122118 1.0912394523620605 15
1761440122678 1.0908710956573486 16
1761440123241 1.0921642780303955 17
1761440123801 1.0893675088882446 18
1761440124359 1.0891072750091553 19
1761440124916 1.0890562534332275 20
1761440125477 1.0910577774047852 21
1761440126036 1.0894514322280884 22
1761440126599 1.0857484340667725 23
1761440127157 1.0861866474151611 24
1761440127709 1.0885883569717407 25
1761440128271 1.0846174955368042 26
1761440128827 1.0842841863632202 27
1761440129382 1.0849614143371582 28
1761440129941 1.0847312211990356 29
1761440130500 1.084970474243164 30
1761440131058 1.0823962688446045 31
1761440131622 1.0838781595230103 32
1761440132185 1.08272123336792 33
1761440132750 1.0826947689056396 34
1761440133306 1.0807534456253052 35
1761440133874 1.0825172662734985 36
1761440134445 1.0792416334152222 37
1761440135006 1.0807740688323975 38
1761440135566 1.0790661573410034 39
1761440136127 1.0777572393417358 40
1761440136695 1.0759538412094116 41
1761440137257 1.0771256685256958 42
1761440137814 1.0753495693206787 43
1761440138375 1.0747536420822144 44
1761440138938 1.074605941772461 45
1761440139505 1.0735859870910645 46
1761440140068 1.0730364322662354 47
1761440140630 1.0734549760818481 48
1761440141194 1.0724691152572632 49
1761440112796 1.1155955791473389 0
