1761435739158 0.43355703353881836 0
1761435739712 0.459060400724411 1
1761435740195 0.4604026973247528 2
1761435740678 0.4478747248649597 3
1761435741167 0.4563758373260498 4
1761435741642 0.46263980865478516 5
1761435742129 0.4465324282646179 6
1761435742601 0.4425055980682373 7
1761435743076 0.45727068185806274 8
1761435743549 0.44071587920188904 9
1761435744025 0.44340044260025024 10
1761435744509 0.4425055980682373 11
1761435744984 0.43489933013916016 12
1761435745461 0.4134228229522705 13
1761435745974 0.4246084988117218 14
1761435746449 0.4174496531486511 15
1761435746993 0.4161073863506317 16
1761435747495 0.4152125418186188 17
1761435747992 0.41565996408462524 18
1761435748472 0.4165548086166382 19
1761435748956 0.3928411602973938 20
1761435749436 0.4000000059604645 21
1761435749913 0.38791945576667786 22
1761435750447 0.4080536961555481 23
1761435751059 0.3718120753765106 24
1761435751560 0.38523489236831665 25
1761435752042 0.39642056822776794 26
1761435752531 0.3883668780326843 27
1761435753027 0.3579418361186981 28
1761435753536 0.3986577093601227 29
1761435754027 0.3870246112346649 30
1761435754515 0.3789709210395813 31
1761435755155 0.3736017942428589 32
1761435755637 0.3736017942428589 33
1761435756132 0.4049217104911804 34
1761435756616 0.3870246112346649 35
1761435757099 0.3789709210395813 36
1761435757579 0.3758389353752136 37
1761435758058 0.3695749342441559 38
1761435758541 0.38255032896995544 39
1761435759022 0.3758389353752136 40
1761435759496 0.3691275119781494 41
1761435759975 0.3843400478363037 42
1761435760456 0.37941834330558777 43
1761435760943 0.37718120217323303 44
1761435761423 0.37002235651016235 45
1761435761901 0.38657718896865845 46
1761435762387 0.3986577093601227 47
1761435762863 0.38389262557029724 48
1761435763338 0.3847874701023102 49
1761435739158 0.43355703353881836 0
