1761435739158 1.0798176527023315 0
1761435739712 1.0565084218978882 1
1761435740195 1.0571935176849365 2
1761435740678 1.063544511795044 3
1761435741167 1.0727468729019165 4
1761435741642 1.0545685291290283 5
1761435742129 1.0737159252166748 6
1761435742601 1.0898648500442505 7
1761435743076 1.0757699012756348 8
1761435743549 1.1125521659851074 9
1761435744025 1.1016029119491577 10
1761435744509 1.0843192338943481 11
1761435744984 1.1389323472976685 12
1761435745461 1.1803096532821655 13
1761435745974 1.1793534755706787 14
1761435746449 1.174586296081543 15
1761435746993 1.2240455150604248 16
1761435747495 1.27236807346344 17
1761435747992 1.321571707725525 18
1761435748472 1.3813012838363647 19
1761435748956 1.392356276512146 20
1761435749436 1.3138375282287598 21
1761435749913 1.8208049535751343 22
1761435750447 1.3653141260147095 23
1761435751059 1.593397855758667 24
1761435751560 1.4999666213989258 25
1761435752042 1.5262908935546875 26
1761435752531 1.9225716590881348 27
1761435753027 1.957910180091858 28
1761435753536 1.6437666416168213 29
1761435754027 1.7250699996948242 30
1761435754515 2.5158143043518066 31
1761435755155 1.9385613203048706 32
1761435755637 1.9080414772033691 33
1761435756132 1.614079236984253 34
1761435756616 2.595733165740967 35
1761435757099 2.8582851886749268 36
1761435757579 1.9789702892303467 37
1761435758058 4.2175421714782715 38
1761435758541 3.454549789428711 39
1761435759022 2.8749687671661377 40
1761435759496 3.3579065799713135 41
1761435759975 2.0973567962646484 42
1761435760456 2.567866325378418 43
1761435760943 2.966339349746704 44
1761435761423 2.642462968826294 45
1761435761901 2.836843729019165 46
1761435762387 2.1124870777130127 47
1761435762863 2.0121424198150635 48
1761435763338 3.183790683746338 49
1761435739158 1.0798176527023315 0
