1761438707611 0.3968539237976074 0
1761438708125 0.44539326429367065 1
1761438708625 0.4341573119163513 2
1761438709120 0.449438214302063 3
1761438709620 0.471011221408844 4
1761438710120 0.47910112142562866 5
1761438710617 0.48719102144241333 6
1761438711116 0.5029213428497314 7
1761438711610 0.5186516642570496 8
1761438712101 0.5379775166511536 9
1761438712628 0.574831485748291 10
1761438713149 0.589213490486145 11
1761438713648 0.6220224499702454 12
1761438714140 0.644494354724884 13
1761438714633 0.6746067404747009 14
1761438715140 0.6984269618988037 15
1761438715632 0.7105618119239807 16
1761438716140 0.7393258213996887 17
1761438716649 0.754157304763794 18
1761438717155 0.7582022547721863 19
1761438717668 0.7820224761962891 20
1761438718174 0.8080899119377136 21
1761438718678 0.8188763856887817 22
1761438719186 0.8422471880912781 23
1761438719723 0.8467415571212769 24
1761438720248 0.8687640428543091 25
1761438720763 0.8768539428710938 26
1761438721258 0.893932580947876 27
1761438721752 0.9006741642951965 28
1761438722272 0.9128090143203735 29
1761438722801 0.9262921214103699 30
1761438723301 0.9231460690498352 31
1761438723805 0.9384269714355469 32
1761438724320 0.939775288105011 33
1761438724810 0.9447190761566162 34
1761438725311 0.9451685547828674 35
1761438725800 0.9406741857528687 36
1761438726292 0.9550561904907227 37
1761438726779 0.9483146071434021 38
1761438727272 0.9604494571685791 39
1761438727762 0.9523595571517944 40
1761438728255 0.9586516618728638 41
1761438728760 0.9626966118812561 42
1761438729251 0.9622471928596497 43
1761438729776 0.9640449285507202 44
1761438730252 0.9653932452201843 45
1761438730746 0.9703370928764343 46
1761438731242 0.9680898785591125 47
1761438731720 0.9577528238296509 48
1761438732206 0.9689887762069702 49
1761438707611 0.3968539237976074 0
