1761438707611 1.1056617498397827 0
1761438708125 1.0660405158996582 1
1761438708625 1.060754418373108 2
1761438709120 1.0508581399917603 3
1761438709620 1.0443286895751953 4
1761438710120 1.0408164262771606 5
1761438710617 1.0286089181900024 6
1761438711116 1.0202475786209106 7
1761438711610 1.0072014331817627 8
1761438712101 0.989676296710968 9
1761438712628 0.9664103388786316 10
1761438713149 0.9401650428771973 11
1761438713648 0.9092459082603455 12
1761438714140 0.8759373426437378 13
1761438714633 0.831950843334198 14
1761438715140 0.7888890504837036 15
1761438715632 0.7425144910812378 16
1761438716140 0.6975914239883423 17
1761438716649 0.6511133909225464 18
1761438717155 0.6168992519378662 19
1761438717668 0.5733353495597839 20
1761438718174 0.5378331542015076 21
1761438718678 0.5055384635925293 22
1761438719186 0.47737228870391846 23
1761438719723 0.4507860243320465 24
1761438720248 0.4245465099811554 25
1761438720763 0.40529340505599976 26
1761438721258 0.38413819670677185 27
1761438721752 0.36726999282836914 28
1761438722272 0.3443794846534729 29
1761438722801 0.32770586013793945 30
1761438723301 0.3161108195781708 31
1761438723805 0.296316534280777 32
1761438724320 0.2858293056488037 33
1761438724810 0.2746700942516327 34
1761438725311 0.2631046772003174 35
1761438725800 0.25624650716781616 36
1761438726292 0.2389070987701416 37
1761438726779 0.23591585457324982 38
1761438727272 0.22314858436584473 39
1761438727762 0.2162356674671173 40
1761438728255 0.20846323668956757 41
1761438728760 0.2005511224269867 42
1761438729251 0.19362716376781464 43
1761438729776 0.1885979175567627 44
1761438730252 0.182818204164505 45
1761438730746 0.1742861270904541 46
1761438731242 0.16911418735980988 47
1761438731720 0.17293484508991241 48
1761438732206 0.1610296666622162 49
1761438707611 1.1056617498397827 0
