1761513134518 0.39731544256210327 0
1761513135183 0.42953020334243774 1
1761513135847 0.4366890490055084 2
1761513136496 0.45995524525642395 3
1761513137143 0.463087260723114 4
1761513137790 0.47248321771621704 5
1761513138437 0.500223696231842 6
1761513139080 0.519463062286377 7
1761513139724 0.5346755981445312 8
1761513140361 0.5606263875961304 9
1761513141071 0.5642058253288269 10
1761513141740 0.5977628827095032 11
1761513142416 0.6044742465019226 12
1761513143075 0.617897093296051 13
1761513143761 0.6411632895469666 14
1761513144426 0.6563758254051208 15
1761513145109 0.655033528804779 16
1761513145822 0.6868008971214294 17
1761513146514 0.6988814473152161 18
1761513147201 0.7167785167694092 19
1761513147887 0.727516770362854 20
1761513148565 0.7382550239562988 21
1761513149256 0.7445189952850342 22
1761513149994 0.7668904066085815 23
1761513150662 0.7664429545402527 24
1761513151360 0.7856823205947876 25
1761513152072 0.8067114353179932 26
1761513152763 0.7950782775878906 27
1761513153494 0.8246085047721863 28
1761513154160 0.8389261960983276 29
1761513154825 0.8456375598907471 30
1761513155477 0.8483221530914307 31
1761513156140 0.8510066866874695 32
1761513156872 0.8595078587532043 33
1761513157574 0.8751677870750427 34
1761513158283 0.8765100836753845 35
1761513158941 0.9033557176589966 36
1761513159593 0.8988814353942871 37
1761513160261 0.908724844455719 38
1761513160936 0.9158836603164673 39
1761513161590 0.9239373803138733 40
1761513162247 0.9360178709030151 41
1761513162900 0.9328858852386475 42
1761513163549 0.9360178709030151 43
1761513164207 0.9489932656288147 44
1761513164868 0.9557046890258789 45
1761513165519 0.9610738158226013 46
1761513166171 0.9597315192222595 47
1761513166828 0.9570469856262207 48
1761513167504 0.9610738158226013 49
1761513168161 0.954809844493866 50
1761513168830 0.9583892822265625 51
1761513169488 0.9677852392196655 52
1761513170146 0.9753915071487427 53
1761513170802 0.9753915071487427 54
1761513171453 0.9552572965621948 55
1761513172102 0.9552572965621948 56
1761513172754 0.9749440550804138 57
1761513173403 0.9834451675415039 58
1761513174063 0.991946280002594 59
1761513174738 0.9923937320709229 60
1761513175466 0.9883669018745422 61
1761513176225 0.9852349162101746 62
1761513176919 0.9615212678909302 63
1761513177573 0.945861279964447 64
1761513178229 0.9360178709030151 65
1761513178880 0.9628635048866272 66
1761513179530 0.9812080264091492 67
1761513180182 0.9883669018745422 68
1761513180836 0.9834451675415039 69
1761513181494 0.990604043006897 70
1761513182147 0.9914988875389099 71
1761513182796 0.9923937320709229 72
1761513183464 0.9977628588676453 73
1761513184113 0.9986577033996582 74
1761513184766 0.9982103109359741 75
1761513185420 0.9964205622673035 76
1761513186068 0.9968680143356323 77
1761513186734 0.9964205622673035 78
1761513187384 0.990604043006897 79
1761513188044 0.9476510286331177 80
1761513188702 0.9239373803138733 81
1761513189351 0.9606264233589172 82
1761513190077 0.9686800837516785 83
1761513190766 0.9798657894134521 84
1761513191446 0.9964205622673035 85
1761513192092 0.9968680143356323 86
1761513192748 0.9964205622673035 87
1761513193393 0.9964205622673035 88
1761513194048 0.9955257177352905 89
1761513194701 0.991051435470581 90
1761513195348 0.9959731698036194 91
1761513195993 0.9982103109359741 92
1761513196731 0.9973154067993164 93
1761513197432 0.9986577033996582 94
1761513198076 0.9973154067993164 95
1761513198725 0.9932885766029358 96
1761513199413 0.9968680143356323 97
1761513200076 0.9968680143356323 98
1761513200741 0.9914988875389099 99
1761513134518 0.39731544256210327 0
