1761513134518 1.0966129302978516 0
1761513135183 1.0680655241012573 1
1761513135847 1.0582348108291626 2
1761513136496 1.0399514436721802 3
1761513137143 1.0220937728881836 4
1761513137790 1.013270616531372 5
1761513138437 0.9836930632591248 6
1761513139080 0.9627681970596313 7
1761513139724 0.9372338056564331 8
1761513140361 0.9095860123634338 9
1761513141071 0.8977794647216797 10
1761513141740 0.8695873618125916 11
1761513142416 0.8428420424461365 12
1761513143075 0.8066742420196533 13
1761513143761 0.7856934666633606 14
1761513144426 0.751054584980011 15
1761513145109 0.747112512588501 16
1761513145822 0.7067043781280518 17
1761513146514 0.6643908023834229 18
1761513147201 0.6442230939865112 19
1761513147887 0.6287043690681458 20
1761513148565 0.5946511626243591 21
1761513149256 0.5836197733879089 22
1761513149994 0.5349745154380798 23
1761513150662 0.5372729301452637 24
1761513151360 0.5022728443145752 25
1761513152072 0.46169090270996094 26
1761513152763 0.4770198166370392 27
1761513153494 0.4287898540496826 28
1761513154160 0.38895952701568604 29
1761513154825 0.3729601502418518 30
1761513155477 0.3708917200565338 31
1761513156140 0.3650069534778595 32
1761513156872 0.3211764097213745 33
1761513157574 0.3206154406070709 34
1761513158283 0.30402472615242004 35
1761513158941 0.258344829082489 36
1761513159593 0.25893741846084595 37
1761513160261 0.2350955754518509 38
1761513160936 0.2207544445991516 39
1761513161590 0.1962016224861145 40
1761513162247 0.18484891951084137 41
1761513162900 0.186951145529747 42
1761513163549 0.18443918228149414 43
1761513164207 0.1489964723587036 44
1761513164868 0.13263173401355743 45
1761513165519 0.11608858406543732 46
1761513166171 0.11931915581226349 47
1761513166828 0.11183297634124756 48
1761513167504 0.12111809849739075 49
1761513168161 0.12595565617084503 50
1761513168830 0.11363115906715393 51
1761513169488 0.10028178989887238 52
1761513170146 0.07576227188110352 53
1761513170802 0.07590381801128387 54
1761513171453 0.12353207170963287 55
1761513172102 0.11890210956335068 56
1761513172754 0.07663901895284653 57
1761513173403 0.05270477384328842 58
1761513174063 0.0387495681643486 59
1761513174738 0.032616063952445984 60
1761513175466 0.04017149284482002 61
1761513176225 0.051926709711551666 62
1761513176919 0.10078355669975281 63
1761513177573 0.16056042909622192 64
1761513178229 0.17647293210029602 65
1761513178880 0.10321572422981262 66
1761513179530 0.05955852195620537 67
1761513180182 0.04250825196504593 68
1761513180836 0.048779699951410294 69
1761513181494 0.034358732402324677 70
1761513182147 0.03309125453233719 71
1761513182796 0.028310082852840424 72
1761513183464 0.015524657443165779 73
1761513184113 0.011964723467826843 74
1761513184766 0.012484933249652386 75
1761513185420 0.014225959777832031 76
1761513186068 0.016403663903474808 77
1761513186734 0.014268502593040466 78
1761513187384 0.03021250106394291 79
1761513188044 0.1529076099395752 80
1761513188702 0.20646259188652039 81
1761513189351 0.10926268249750137 82
1761513190077 0.07684136927127838 83
1761513190766 0.06995241343975067 84
1761513191446 0.02153291553258896 85
1761513192092 0.013970617204904556 86
1761513192748 0.011137553490698338 87
1761513193393 0.010349197313189507 88
1761513194048 0.01308472640812397 89
1761513194701 0.02863025851547718 90
1761513195348 0.013849540613591671 91
1761513195993 0.009490631520748138 92
1761513196731 0.010656955651938915 93
1761513197432 0.0080636627972126 94
1761513198076 0.010760013945400715 95
1761513198725 0.020421931520104408 96
1761513199413 0.009526383131742477 97
1761513200076 0.01180086936801672 98
1761513200741 0.026280244812369347 99
1761513134518 1.0966129302978516 0
