1761436404143 0.43892616033554077 0
1761436404702 0.4429530203342438 1
1761436405189 0.449664443731308 2
1761436405672 0.45279642939567566 3
1761436406154 0.4604026973247528 4
1761436406626 0.44340044260025024 5
1761436407103 0.4469798803329468 6
1761436407577 0.4505592882633209 7
1761436408050 0.44742730259895325 8
1761436408535 0.4331096112728119 9
1761436409004 0.4398210346698761 10
1761436409474 0.43489933013916016 11
1761436409950 0.4277404844760895 12
1761436410423 0.43892616033554077 13
1761436410906 0.41252797842025757 14
1761436411382 0.431319922208786 15
1761436411857 0.42416107654571533 16
1761436412334 0.40850111842155457 17
1761436412834 0.4134228229522705 18
1761436413335 0.39507830142974854 19
1761436413816 0.3986577093601227 20
1761436414297 0.4013422727584839 21
1761436414778 0.4040268361568451 22
1761436415256 0.39373600482940674 23
1761436415741 0.3843400478363037 24
1761436416217 0.40715882182121277 25
1761436416693 0.3941834568977356 26
1761436417173 0.39373600482940674 27
1761436417655 0.38389262557029724 28
1761436418136 0.3883668780326843 29
1761436418614 0.4232662320137024 30
1761436419095 0.40044742822647095 31
1761436419573 0.38926175236701965 32
1761436420053 0.4134228229522705 33
1761436420536 0.39507830142974854 34
1761436421019 0.38344520330429077 35
1761436421500 0.3856823146343231 36
1761436421983 0.3968680202960968 37
1761436422464 0.38791945576667786 38
1761436422941 0.3843400478363037 39
1761436423417 0.3928411602973938 40
1761436423896 0.39194631576538086 41
1761436424378 0.39507830142974854 42
1761436424858 0.36465322971343994 43
1761436425336 0.37539151310920715 44
1761436425818 0.37941834330558777 45
1761436426294 0.37986576557159424 46
1761436426776 0.37539151310920715 47
1761436427245 0.4040268361568451 48
1761436427718 0.4026845693588257 49
1761436404143 0.43892616033554077 0
