1761436404143 1.0845630168914795 0
1761436404702 1.063441514968872 1
1761436405189 1.0577373504638672 2
1761436405672 1.0590500831604004 3
1761436406154 1.060032844543457 4
1761436406626 1.0714032649993896 5
1761436407103 1.0820424556732178 6
1761436407577 1.07743239402771 7
1761436408050 1.0857428312301636 8
1761436408535 1.1162625551223755 9
1761436409004 1.1002318859100342 10
1761436409474 1.116945505142212 11
1761436409950 1.152141809463501 12
1761436410423 1.125007152557373 13
1761436410906 1.181278109550476 14
1761436411382 1.1306084394454956 15
1761436411857 1.1918021440505981 16
1761436412334 1.2274290323257446 17
1761436412834 1.1953448057174683 18
1761436413335 1.2875176668167114 19
1761436413816 1.3242489099502563 20
1761436414297 1.3706765174865723 21
1761436414778 1.4594447612762451 22
1761436415256 1.4083808660507202 23
1761436415741 1.6322252750396729 24
1761436416217 1.2841802835464478 25
1761436416693 1.5162668228149414 26
1761436417173 1.5598669052124023 27
1761436417655 1.4612094163894653 28
1761436418136 1.5154696702957153 29
1761436418614 1.3383171558380127 30
1761436419095 1.5562551021575928 31
1761436419573 1.5257710218429565 32
1761436420053 1.3872439861297607 33
1761436420536 1.5964373350143433 34
1761436421019 1.5577646493911743 35
1761436421500 1.6990389823913574 36
1761436421983 1.7997599840164185 37
1761436422464 2.0378551483154297 38
1761436422941 1.7946850061416626 39
1761436423417 1.7432104349136353 40
1761436423896 2.5223376750946045 41
1761436424378 2.0330429077148438 42
1761436424858 1.9521316289901733 43
1761436425336 2.103773593902588 44
1761436425818 2.7657113075256348 45
1761436426294 1.7571622133255005 46
1761436426776 2.7182931900024414 47
1761436427245 1.5265693664550781 48
1761436427718 1.812994122505188 49
1761436404143 1.0845630168914795 0
