1761437975489 0.43803131580352783 0
1761437976051 0.4617449641227722 1
1761437976614 0.4568232595920563 2
1761437977247 0.4689038097858429 3
1761437977793 0.47114095091819763 4
1761437978330 0.4756152033805847 5
1761437978877 0.47516778111457825 6
1761437979423 0.4854586124420166 7
1761437979994 0.4885905981063843 8
1761437980569 0.4926174581050873 9
1761437981122 0.4921700358390808 10
1761437981676 0.5060402750968933 11
1761437982227 0.49574944376945496 12
1761437982778 0.5046979784965515 13
1761437983320 0.5243847966194153 14
1761437983865 0.5149888396263123 15
1761437984405 0.5131990909576416 16
1761437984952 0.5149888396263123 17
1761437985490 0.5261744856834412 18
1761437986034 0.5355704426765442 19
1761437986582 0.5346755981445312 20
1761437987187 0.536912739276886 21
1761437987791 0.5458613038063049 22
1761437988336 0.5472036004066467 23
1761437988868 0.5579418540000916 24
1761437989404 0.563758373260498 25
1761437989936 0.563310980796814 26
1761437990487 0.5753914713859558 27
1761437991065 0.5722594857215881 28
1761437991681 0.5606263875961304 29
1761437992219 0.590156614780426 30
1761437992761 0.599552571773529 31
1761437993302 0.5950782895088196 32
1761437993844 0.6040268540382385 33
1761437994382 0.6076062917709351 34
1761437994916 0.6067113876342773 35
1761437995453 0.6205816268920898 36
1761437995985 0.6223713755607605 37
1761437996518 0.6331096291542053 38
1761437997057 0.636241614818573 39
1761437997598 0.645637571811676 40
1761437998132 0.6425055861473083 41
1761437998665 0.6487695574760437 42
1761437999198 0.6559284329414368 43
1761437999730 0.6438478827476501 44
1761438000261 0.6608501076698303 45
1761438000796 0.6697986721992493 46
1761438001327 0.6760626435279846 47
1761438001863 0.6671140789985657 48
1761438002403 0.6769574880599976 49
1761437975489 0.43803131580352783 0
