1761437975489 1.0812876224517822 0
1761437976051 1.053064227104187 1
1761437976614 1.0471025705337524 2
1761437977247 1.0357964038848877 3
1761437977793 1.035337209701538 4
1761437978330 1.0336462259292603 5
1761437978877 1.0315335988998413 6
1761437979423 1.0242116451263428 7
1761437979994 1.018972635269165 8
1761437980569 1.0128456354141235 9
1761437981122 1.0094799995422363 10
1761437981676 1.0029892921447754 11
1761437982227 1.0023170709609985 12
1761437982778 0.9975870847702026 13
1761437983320 0.9880877733230591 14
1761437983865 0.9828807711601257 15
1761437984405 0.9879252314567566 16
1761437984952 0.9778497219085693 17
1761437985490 0.9678440093994141 18
1761437986034 0.97018963098526 19
1761437986582 0.958567202091217 20
1761437987187 0.9577208757400513 21
1761437987791 0.947090744972229 22
1761437988336 0.9401758313179016 23
1761437988868 0.933538019657135 24
1761437989404 0.9283902049064636 25
1761437989936 0.9212526679039001 26
1761437990487 0.9177879691123962 27
1761437991065 0.9084286093711853 28
1761437991681 0.9087618589401245 29
1761437992219 0.8928918242454529 30
1761437992761 0.8836790919303894 31
1761437993302 0.8763689398765564 32
1761437993844 0.8701515197753906 33
1761437994382 0.860709547996521 34
1761437994916 0.8559404015541077 35
1761437995453 0.847778856754303 36
1761437995985 0.8382446765899658 37
1761437996518 0.8263911604881287 38
1761437997057 0.817344605922699 39
1761437997598 0.8074873089790344 40
1761437998132 0.8026553988456726 41
1761437998665 0.7986868619918823 42
1761437999198 0.7876831889152527 43
1761437999730 0.7937938570976257 44
1761438000261 0.7813606262207031 45
1761438000796 0.7669539451599121 46
1761438001327 0.7580922245979309 47
1761438001863 0.7542904019355774 48
1761438002403 0.7418758869171143 49
1761437975489 1.0812876224517822 0
